0.00119904	391
0.00263651	392
0.00436346	393
0.00643726	394
0.00893	395
0.0119243	397
0.0159622	398
0.02	399
0.0248485	400
0.029899	401
0.0349495	402
0.04	403
0.0460526	405
0.0530263	406
0.06	407
0.07	408
0.08	409
0.09	410
0.1	411
0.11	413
0.12	414
0.13	415
0.14	416
0.15	417
0.16	418
0.17	420
0.18	421
0.19	422
0.2	423
0.21	424
0.22	425
0.23	427
0.24	428
0.25	429
0.26	430
0.27	432
0.28	433
0.29	434
0.3	435
0.31	437
0.32	438
0.33	439
0.34	440
0.35	442
0.36	443
0.37	444
0.38	445
0.39	446
0.4	448
0.41	449
0.42	450
0.43	452
0.44	453
0.45	454
0.46	455
0.47	457
0.48	458
0.49	459
0.5	506
0.51	513
0.52	514
0.53	516
0.54	517
0.55	518
0.56	519
0.57	521
0.58	522
0.59	523
0.6	524
0.61	526
0.62	527
0.63	528
0.64	529
0.65	531
0.66	532
0.67	533
0.68	534
0.69	536
0.7	537
0.71	538
0.72	539
0.73	541
0.74	542
0.75	543
0.76	544
0.77	546
0.78	547
0.79	548
0.8	549
0.81	551
0.82	552
0.83	553
0.84	555
0.85	556
0.86	557
0.87	558
0.88	560
0.89	561
0.9	562
0.91	563
0.92	565
0.93	566
0.94	567
0.95	569
0.96	570
0.97	571
0.98	573
0.99	574
1	605
1.01	608
1.02	609
1.03	611
1.04	612
1.05	613
1.06	614
1.07	616
1.08	617
1.09	618
1.1	620
1.11	621
1.12	622
1.13	624
1.14	625
1.15	626
1.16	627
1.17	629
1.18	630
1.19	632
1.2	633
1.21	634
1.22	636
1.23	637
1.24	638
1.25	640
1.26	641
1.27	642
1.28	644
1.29	645
1.3	646
1.31	647
1.32	649
1.33	650
1.34	651
1.35	652
1.36	654
1.37	655
1.38	656
1.39	657
1.4	659
1.41	660
1.42	661
1.43	662
1.44	664
1.45	665
1.46	666
1.47	667
1.48	669
1.49	670
1.5	689
1.51	696
1.52	697
1.53	698
1.54	700
1.55	701
1.56	702
1.57	704
1.58	705
1.59	706
1.6	707
1.61	709
1.62	710
1.63	711
1.64	712
1.65	714
1.66	715
1.67	716
1.68	718
1.69	719
1.7	720
1.71	721
1.72	723
1.73	724
1.74	725
1.75	726
1.76	728
1.77	729
1.78	730
1.79	731
1.8	733
1.81	734
1.82	736
1.83	737
1.84	738
1.85	740
1.86	741
1.87	742
1.88	744
1.89	745
1.9	746
1.91	747
1.92	749
1.93	750
1.94	751
1.95	753
1.96	754
1.97	755
1.98	757
1.99	759
2	785
2.01	788
2.02	789
2.03	791
2.04	792
2.05	793
2.06	794
2.07	796
2.08	797
2.09	798
2.1	800
2.11	801
2.12	802
2.13	804
2.14	805
2.15	806
2.16	807
2.17	809
2.18	810
2.19	811
2.2	813
2.21	814
2.22	815
2.23	817
2.24	818
2.25	819
2.26	821
2.27	822
2.28	823
2.29	825
2.3	826
2.31	827
2.32	828
2.33	830
2.34	831
2.35	832
2.36	834
2.37	835
2.38	836
2.39	837
2.4	839
2.41	840
2.42	841
2.43	843
2.44	844
2.45	845
2.46	847
2.47	848
2.48	849
2.49	851
2.5	879
2.51	885
2.52	887
2.53	888
2.54	889
2.55	891
2.56	892
2.57	893
2.58	895
2.59	896
2.6	897
2.61	898
2.62	900
2.63	901
2.64	902
2.65	904
2.66	905
2.67	906
2.68	908
2.69	909
2.7	910
2.71	912
2.72	913
2.73	914
2.74	916
2.75	917
2.76	919
2.77	920
2.78	921
2.79	923
2.8	924
2.81	925
2.82	927
2.83	928
2.84	929
2.85	931
2.86	932
2.87	933
2.88	935
2.89	936
2.9	937
2.91	939
2.92	940
2.93	942
2.94	943
2.95	945
2.96	946
2.97	948
2.98	949
2.99	950
3	957
3.01	962
3.02	963
3.03	965
3.04	966
3.05	967
3.06	969
3.07	970
3.08	971
3.09	973
3.1	974
3.11	975
3.12	977
3.13	978
3.14	979
3.15	981
3.16	982
3.17	983
3.18	985
3.19	986
3.2	987
3.21	989
3.22	990
3.23	991
3.24	993
3.25	994
3.26	995
3.27	997
3.28	998
3.29	999
3.3	1000
3.31	1003
3.32	1004
3.33	1005
3.34	1007
3.35	1008
3.36	1009
3.37	1011
3.38	1012
3.39	1013
3.4	1015
3.41	1016
3.42	1017
3.43	1019
3.44	1020
3.45	1021
3.46	1023
3.47	1024
3.48	1025
3.49	1027
3.5	1035
3.51	1037
3.52	1039
3.53	1040
3.54	1041
3.55	1043
3.56	1044
3.57	1046
3.58	1047
3.59	1048
3.6	1050
3.61	1051
3.62	1052
3.63	1054
3.64	1055
3.65	1056
3.66	1058
3.67	1059
3.68	1060
3.69	1062
3.7	1063
3.71	1065
3.72	1066
3.73	1067
3.74	1069
3.75	1070
3.76	1071
3.77	1073
3.78	1074
3.79	1075
3.8	1076
3.81	1078
3.82	1079
3.83	1080
3.84	1082
3.85	1083
3.86	1084
3.87	1086
3.88	1087
3.89	1088
3.9	1090
3.91	1091
3.92	1092
3.93	1093
3.94	1095
3.95	1096
3.96	1097
3.97	1099
3.98	1100
3.99	1101
4	1116
4.01	1119
4.02	1120
4.03	1121
4.04	1123
4.05	1124
4.06	1125
4.07	1127
4.08	1128
4.09	1129
4.1	1131
4.11	1132
4.12	1133
4.13	1134
4.14	1136
4.15	1137
4.16	1138
4.17	1140
4.18	1141
4.19	1142
4.2	1144
4.21	1145
4.22	1146
4.23	1148
4.24	1149
4.25	1150
4.26	1151
4.27	1153
4.28	1154
4.29	1155
4.3	1157
4.31	1158
4.32	1159
4.33	1161
4.34	1162
4.35	1163
4.36	1165
4.37	1166
4.38	1167
4.39	1169
4.4	1170
4.41	1171
4.42	1172
4.43	1174
4.44	1175
4.45	1176
4.46	1178
4.47	1179
4.48	1180
4.49	1182
4.5	1204
4.51	1206
4.52	1207
4.53	1209
4.54	1210
4.55	1211
4.56	1213
4.57	1214
4.58	1215
4.59	1217
4.6	1218
4.61	1219
4.62	1221
4.63	1222
4.64	1223
4.65	1225
4.66	1226
4.67	1227
4.68	1229
4.69	1230
4.7	1231
4.71	1232
4.72	1234
4.73	1235
4.74	1236
4.75	1238
4.76	1239
4.77	1240
4.78	1242
4.79	1243
4.8	1244
4.81	1246
4.82	1247
4.83	1248
4.84	1250
4.85	1251
4.86	1252
4.87	1254
4.88	1255
4.89	1256
4.9	1257
4.91	1259
4.92	1260
4.93	1261
4.94	1263
4.95	1264
4.96	1265
4.97	1267
4.98	1268
4.99	1270
5	1288
5.01	1289
5.02	1290
5.03	1292
5.04	1293
5.05	1294
5.06	1296
5.07	1297
5.08	1298
5.09	1299
5.1	1301
5.11	1302
5.12	1303
5.13	1305
5.14	1306
5.15	1307
5.16	1308
5.17	1310
5.18	1311
5.19	1312
5.2	1313
5.21	1315
5.22	1316
5.23	1317
5.24	1318
5.25	1320
5.26	1321
5.27	1322
5.28	1324
5.29	1325
5.3	1326
5.31	1328
5.32	1329
5.33	1330
5.34	1331
5.35	1333
5.36	1334
5.37	1335
5.38	1336
5.39	1338
5.4	1339
5.41	1340
5.42	1342
5.43	1343
5.44	1344
5.45	1346
5.46	1347
5.47	1348
5.48	1350
5.49	1351
5.5	1359
5.51	1360
5.52	1362
5.53	1363
5.54	1364
5.55	1366
5.56	1367
5.57	1368
5.58	1370
5.59	1371
5.6	1372
5.61	1374
5.62	1375
5.63	1376
5.64	1378
5.65	1379
5.66	1380
5.67	1382
5.68	1383
5.69	1384
5.7	1386
5.71	1387
5.72	1388
5.73	1390
5.74	1391
5.75	1392
5.76	1394
5.77	1395
5.78	1396
5.79	1398
5.8	1399
5.81	1400
5.82	1402
5.83	1403
5.84	1404
5.85	1405
5.86	1407
5.87	1408
5.88	1409
5.89	1411
5.9	1412
5.91	1413
5.92	1415
5.93	1416
5.94	1417
5.95	1419
5.96	1420
5.97	1421
5.98	1422
5.99	1424
6	1435
6.01	1437
6.02	1438
6.03	1439
6.04	1441
6.05	1442
6.06	1443
6.07	1445
6.08	1446
6.09	1447
6.1	1449
6.11	1450
6.12	1451
6.13	1453
6.14	1454
6.15	1455
6.16	1457
6.17	1458
6.18	1459
6.19	1461
6.2	1462
6.21	1463
6.22	1464
6.23	1466
6.24	1467
6.25	1468
6.26	1470
6.27	1471
6.28	1472
6.29	1473
6.3	1475
6.31	1476
6.32	1477
6.33	1479
6.34	1480
6.35	1481
6.36	1483
6.37	1484
6.38	1485
6.39	1486
6.4	1488
6.41	1489
6.42	1490
6.43	1492
6.44	1493
6.45	1494
6.46	1496
6.47	1497
6.48	1498
6.49	1500
6.5	1507
6.51	1508
6.52	1510
6.53	1511
6.54	1512
6.55	1514
6.56	1515
6.57	1517
6.58	1518
6.59	1519
6.6	1521
6.61	1522
6.62	1523
6.63	1525
6.64	1526
6.65	1527
6.66	1529
6.67	1530
6.68	1531
6.69	1533
6.7	1534
6.71	1535
6.72	1537
6.73	1538
6.74	1539
6.75	1540
6.76	1542
6.77	1543
6.78	1544
6.79	1546
6.8	1547
6.81	1548
6.82	1550
6.83	1551
6.84	1552
6.85	1554
6.86	1555
6.87	1556
6.88	1558
6.89	1559
6.9	1560
6.91	1562
6.92	1563
6.93	1564
6.94	1566
6.95	1567
6.96	1568
6.97	1570
6.98	1571
6.99	1573
7	1583
7.01	1584
7.02	1586
7.03	1587
7.04	1589
7.05	1590
7.06	1591
7.07	1593
7.08	1594
7.09	1595
7.1	1596
7.11	1598
7.12	1599
7.13	1600
7.14	1602
7.15	1603
7.16	1604
7.17	1606
7.18	1607
7.19	1608
7.2	1610
7.21	1611
7.22	1612
7.23	1614
7.24	1615
7.25	1616
7.26	1618
7.27	1619
7.28	1620
7.29	1622
7.3	1623
7.31	1624
7.32	1626
7.33	1627
7.34	1629
7.35	1630
7.36	1631
7.37	1633
7.38	1634
7.39	1635
7.4	1637
7.41	1638
7.42	1639
7.43	1641
7.44	1642
7.45	1643
7.46	1645
7.47	1646
7.48	1648
7.49	1649
7.5	1657
7.51	1659
7.52	1660
7.53	1661
7.54	1663
7.55	1664
7.56	1666
7.57	1667
7.58	1668
7.59	1670
7.6	1671
7.61	1672
7.62	1674
7.63	1675
7.64	1676
7.65	1678
7.66	1679
7.67	1680
7.68	1681
7.69	1683
7.7	1684
7.71	1685
7.72	1687
7.73	1688
7.74	1689
7.75	1690
7.76	1692
7.77	1693
7.78	1694
7.79	1696
7.8	1697
7.81	1698
7.82	1699
7.83	1701
7.84	1702
7.85	1703
7.86	1705
7.87	1706
7.88	1707
7.89	1708
7.9	1710
7.91	1711
7.92	1712
7.93	1714
7.94	1715
7.95	1716
7.96	1718
7.97	1719
7.98	1720
7.99	1721
8	1731
8.01	1733
8.02	1734
8.03	1736
8.04	1737
8.05	1738
8.06	1740
8.07	1741
8.08	1742
8.09	1743
8.1	1745
8.11	1746
8.12	1747
8.13	1749
8.14	1750
8.15	1751
8.16	1753
8.17	1754
8.18	1756
8.19	1757
8.2	1758
8.21	1760
8.22	1761
8.23	1762
8.24	1764
8.25	1765
8.26	1766
8.27	1767
8.28	1769
8.29	1770
8.3	1771
8.31	1773
8.32	1774
8.33	1775
8.34	1777
8.35	1778
8.36	1779
8.37	1781
8.38	1782
8.39	1783
8.4	1785
8.41	1786
8.42	1787
8.43	1789
8.44	1790
8.45	1791
8.46	1793
8.47	1794
8.48	1795
8.49	1797
8.5	1809
8.51	1810
8.52	1812
8.53	1813
8.54	1814
8.55	1816
8.56	1817
8.57	1818
8.58	1820
8.59	1821
8.6	1822
8.61	1824
8.62	1825
8.63	1826
8.64	1828
8.65	1829
8.66	1831
8.67	1832
8.68	1834
8.69	1835
8.7	1836
8.71	1838
8.72	1839
8.73	1840
8.74	1842
8.75	1843
8.76	1844
8.77	1846
8.78	1847
8.79	1848
8.8	1850
8.81	1851
8.82	1852
8.83	1854
8.84	1855
8.85	1856
8.86	1857
8.87	1859
8.88	1860
8.89	1861
8.9	1863
8.91	1864
8.92	1865
8.93	1867
8.94	1868
8.95	1869
8.96	1870
8.97	1872
8.98	1873
8.99	1875
9	1882
9.01	1884
9.02	1885
9.03	1886
9.04	1888
9.05	1889
9.06	1890
9.07	1892
9.08	1893
9.09	1895
9.1	1896
9.11	1897
9.12	1899
9.13	1900
9.14	1901
9.15	1903
9.16	1904
9.17	1905
9.18	1907
9.19	1908
9.2	1909
9.21	1911
9.22	1912
9.23	1913
9.24	1915
9.25	1916
9.26	1917
9.27	1919
9.28	1920
9.29	1921
9.3	1922
9.31	1924
9.32	1925
9.33	1926
9.34	1928
9.35	1929
9.36	1930
9.37	1931
9.38	1933
9.39	1934
9.4	1936
9.41	1937
9.42	1938
9.43	1940
9.44	1941
9.45	1942
9.46	1943
9.47	1945
9.48	1946
9.49	1947
9.5	1952
9.51	1953
9.52	1955
9.53	1956
9.54	1957
9.55	1959
9.56	1960
9.57	1961
9.58	1962
9.59	1964
9.6	1965
9.61	1966
9.62	1968
9.63	1969
9.64	1970
9.65	1971
9.66	1973
9.67	1974
9.68	1975
9.69	1977
9.7	1978
9.71	1979
9.72	1980
9.73	1982
9.74	1983
9.75	1984
9.76	1986
9.77	1987
9.78	1988
9.79	1990
9.8	1991
9.81	1992
9.82	1994
9.83	1995
9.84	1996
9.85	1997
9.86	1999
9.87	2000
9.88	2001
9.89	2003
9.9	2004
9.91	2005
9.92	2006
9.93	2008
9.94	2009
9.95	2010
9.96	2012
9.97	2013
9.98	2014
9.99	2016
10	2032
10.01	2033
10.02	2035
10.03	2036
10.04	2037
10.05	2038
10.06	2040
10.07	2041
10.08	2042
10.09	2044
10.1	2045
10.11	2046
10.12	2047
10.13	2049
10.14	2050
10.15	2051
10.16	2053
10.17	2054
10.18	2055
10.19	2057
10.2	2058
10.21	2059
10.22	2060
10.23	2062
10.24	2063
10.25	2064
10.26	2066
10.27	2067
10.28	2068
10.29	2070
10.3	2071
10.31	2072
10.32	2073
10.33	2075
10.34	2076
10.35	2077
10.36	2079
10.37	2080
10.38	2081
10.39	2083
10.4	2084
10.41	2085
10.42	2087
10.43	2088
10.44	2089
10.45	2091
10.46	2092
10.47	2094
10.48	2095
10.49	2096
10.5	2104
10.51	2105
10.52	2107
10.53	2108
10.54	2109
10.55	2111
10.56	2112
10.57	2113
10.58	2115
10.59	2116
10.6	2117
10.61	2119
10.62	2120
10.63	2121
10.64	2123
10.65	2124
10.66	2125
10.67	2127
10.68	2128
10.69	2129
10.7	2131
10.71	2132
10.72	2133
10.73	2135
10.74	2136
10.75	2137
10.76	2139
10.77	2140
10.78	2141
10.79	2143
10.8	2144
10.81	2145
10.82	2147
10.83	2148
10.84	2149
10.85	2151
10.86	2152
10.87	2153
10.88	2154
10.89	2156
10.9	2157
10.91	2158
10.92	2160
10.93	2161
10.94	2162
10.95	2164
10.96	2165
10.97	2166
10.98	2168
10.99	2169
11	2180
11.01	2181
11.02	2182
11.03	2184
11.04	2185
11.05	2186
11.06	2188
11.07	2189
11.08	2190
11.09	2192
11.1	2193
11.11	2194
11.12	2196
11.13	2197
11.14	2198
11.15	2200
11.16	2201
11.17	2202
11.18	2204
11.19	2205
11.2	2206
11.21	2208
11.22	2209
11.23	2210
11.24	2212
11.25	2213
11.26	2214
11.27	2216
11.28	2217
11.29	2218
11.3	2220
11.31	2221
11.32	2222
11.33	2224
11.34	2225
11.35	2226
11.36	2228
11.37	2229
11.38	2230
11.39	2232
11.4	2233
11.41	2234
11.42	2236
11.43	2237
11.44	2238
11.45	2240
11.46	2241
11.47	2242
11.48	2244
11.49	2245
11.5	2249
11.51	2251
11.52	2252
11.53	2253
11.54	2255
11.55	2256
11.56	2258
11.57	2259
11.58	2260
11.59	2262
11.6	2263
11.61	2264
11.62	2266
11.63	2267
11.64	2268
11.65	2270
11.66	2271
11.67	2272
11.68	2274
11.69	2275
11.7	2276
11.71	2278
11.72	2279
11.73	2280
11.74	2281
11.75	2283
11.76	2284
11.77	2285
11.78	2287
11.79	2288
11.8	2289
11.81	2291
11.82	2292
11.83	2293
11.84	2294
11.85	2296
11.86	2297
11.87	2298
11.88	2300
11.89	2301
11.9	2303
11.91	2304
11.92	2305
11.93	2307
11.94	2308
11.95	2309
11.96	2310
11.97	2312
11.98	2313
11.99	2314
12	2323
12.01	2325
12.02	2326
12.03	2327
12.04	2329
12.05	2330
12.06	2331
12.07	2333
12.08	2334
12.09	2335
12.1	2336
12.11	2338
12.12	2339
12.13	2340
12.14	2342
12.15	2343
12.16	2344
12.17	2346
12.18	2347
12.19	2348
12.2	2349
12.21	2351
12.22	2352
12.23	2353
12.24	2355
12.25	2356
12.26	2357
12.27	2359
12.28	2360
12.29	2361
12.3	2362
12.31	2364
12.32	2365
12.33	2367
12.34	2368
12.35	2369
12.36	2371
12.37	2372
12.38	2373
12.39	2374
12.4	2376
12.41	2377
12.42	2379
12.43	2380
12.44	2381
12.45	2383
12.46	2384
12.47	2385
12.48	2386
12.49	2388
12.5	2392
12.51	2394
12.52	2395
12.53	2397
12.54	2398
12.55	2399
12.56	2401
12.57	2402
12.58	2403
12.59	2405
12.6	2406
12.61	2407
12.62	2409
12.63	2410
12.64	2411
12.65	2412
12.66	2414
12.67	2415
12.68	2416
12.69	2418
12.7	2419
12.71	2420
12.72	2422
12.73	2423
12.74	2424
12.75	2426
12.76	2427
12.77	2428
12.78	2430
12.79	2431
12.8	2432
12.81	2434
12.82	2435
12.83	2436
12.84	2438
12.85	2439
12.86	2440
12.87	2442
12.88	2443
12.89	2444
12.9	2446
12.91	2447
12.92	2448
12.93	2450
12.94	2451
12.95	2452
12.96	2454
12.97	2455
12.98	2456
12.99	2458
13	2465
13.01	2467
13.02	2468
13.03	2469
13.04	2471
13.05	2472
13.06	2473
13.07	2474
13.08	2476
13.09	2477
13.1	2478
13.11	2480
13.12	2481
13.13	2482
13.14	2484
13.15	2485
13.16	2486
13.17	2488
13.18	2489
13.19	2490
13.2	2492
13.21	2493
13.22	2494
13.23	2495
13.24	2497
13.25	2498
13.26	2499
13.27	2501
13.28	2502
13.29	2503
13.3	2504
13.31	2506
13.32	2507
13.33	2508
13.34	2510
13.35	2511
13.36	2512
13.37	2514
13.38	2515
13.39	2516
13.4	2517
13.41	2519
13.42	2520
13.43	2521
13.44	2523
13.45	2524
13.46	2525
13.47	2526
13.48	2528
13.49	2529
13.5	2540
13.51	2541
13.52	2543
13.53	2544
13.54	2546
13.55	2547
13.56	2548
13.57	2550
13.58	2551
13.59	2552
13.6	2554
13.61	2555
13.62	2556
13.63	2558
13.64	2559
13.65	2560
13.66	2562
13.67	2563
13.68	2564
13.69	2566
13.7	2567
13.71	2568
13.72	2570
13.73	2571
13.74	2572
13.75	2574
13.76	2575
13.77	2576
13.78	2578
13.79	2579
13.8	2580
13.81	2581
13.82	2583
13.83	2584
13.84	2585
13.85	2587
13.86	2588
13.87	2589
13.88	2591
13.89	2592
13.9	2593
13.91	2594
13.92	2596
13.93	2597
13.94	2598
13.95	2600
13.96	2601
13.97	2602
13.98	2604
13.99	2605
14	2609
14.01	2612
14.02	2613
14.03	2614
14.04	2616
14.05	2617
14.06	2618
14.07	2620
14.08	2621
14.09	2622
14.1	2624
14.11	2625
14.12	2626
14.13	2627
14.14	2629
14.15	2630
14.16	2631
14.17	2633
14.18	2634
14.19	2635
14.2	2637
14.21	2638
14.22	2639
14.23	2640
14.24	2642
14.25	2643
14.26	2644
14.27	2646
14.28	2647
14.29	2648
14.3	2650
14.31	2651
14.32	2652
14.33	2653
14.34	2655
14.35	2656
14.36	2657
14.37	2659
14.38	2660
14.39	2661
14.4	2663
14.41	2664
14.42	2665
14.43	2667
14.44	2668
14.45	2669
14.46	2671
14.47	2672
14.48	2673
14.49	2675
14.5	2683
14.51	2685
14.52	2686
14.53	2687
14.54	2689
14.55	2690
14.56	2691
14.57	2693
14.58	2694
14.59	2695
14.6	2697
14.61	2698
14.62	2700
14.63	2701
14.64	2702
14.65	2704
14.66	2705
14.67	2706
14.68	2707
14.69	2709
14.7	2710
14.71	2711
14.72	2713
14.73	2714
14.74	2715
14.75	2717
14.76	2718
14.77	2719
14.78	2720
14.79	2722
14.8	2723
14.81	2724
14.82	2726
14.83	2727
14.84	2729
14.85	2730
14.86	2731
14.87	2733
14.88	2734
14.89	2735
14.9	2737
14.91	2738
14.92	2739
14.93	2741
14.94	2742
14.95	2744
14.96	2745
14.97	2746
14.98	2748
14.99	2749
15	2759
15.01	2760
15.02	2762
15.03	2763
15.04	2764
15.05	2766
15.06	2767
15.07	2768
15.08	2770
15.09	2771
15.1	2772
15.11	2774
15.12	2775
15.13	2776
15.14	2778
15.15	2779
15.16	2780
15.17	2782
15.18	2783
15.19	2784
15.2	2786
15.21	2787
15.22	2788
15.23	2790
15.24	2791
15.25	2792
15.26	2794
15.27	2795
15.28	2796
15.29	2798
15.3	2799
15.31	2801
15.32	2802
15.33	2803
15.34	2805
15.35	2806
15.36	2807
15.37	2809
15.38	2810
15.39	2811
15.4	2813
15.41	2814
15.42	2815
15.43	2817
15.44	2818
15.45	2819
15.46	2821
15.47	2822
15.48	2824
15.49	2825
15.5	2833
15.51	2834
15.52	2836
15.53	2837
15.54	2838
15.55	2840
15.56	2841
15.57	2843
15.58	2844
15.59	2845
15.6	2847
15.61	2848
15.62	2849
15.63	2851
15.64	2852
15.65	2853
15.66	2855
15.67	2856
15.68	2857
15.69	2859
15.7	2860
15.71	2861
15.72	2862
15.73	2864
15.74	2865
15.75	2866
15.76	2868
15.77	2869
15.78	2870
15.79	2871
15.8	2873
15.81	2874
15.82	2875
15.83	2877
15.84	2878
15.85	2879
15.86	2880
15.87	2882
15.88	2883
15.89	2884
15.9	2886
15.91	2887
15.92	2888
15.93	2889
15.94	2891
15.95	2892
15.96	2893
15.97	2895
15.98	2896
15.99	2897
16	2906
16.01	2911
16.02	2912
16.03	2914
16.04	2915
16.05	2916
16.06	2918
16.07	2919
16.08	2920
16.09	2922
16.1	2923
16.11	2924
16.12	2926
16.13	2927
16.14	2928
16.15	2930
16.16	2931
16.17	2932
16.18	2934
16.19	2935
16.2	2936
16.21	2937
16.22	2939
16.23	2940
16.24	2941
16.25	2943
16.26	2944
16.27	2945
16.28	2947
16.29	2948
16.3	2949
16.31	2950
16.32	2952
16.33	2953
16.34	2954
16.35	2956
16.36	2957
16.37	2959
16.38	2960
16.39	2961
16.4	2963
16.41	2964
16.42	2965
16.43	2966
16.44	2968
16.45	2969
16.46	2970
16.47	2972
16.48	2973
16.49	2974
16.5	2983
16.51	2985
16.52	2986
16.53	2987
16.54	2989
16.55	2990
16.56	2991
16.57	2993
16.58	2994
16.59	2995
16.6	2997
16.61	2998
16.62	3000
16.63	3001
16.64	3002
16.65	3004
16.66	3005
16.67	3006
16.68	3008
16.69	3009
16.7	3010
16.71	3012
16.72	3013
16.73	3014
16.74	3016
16.75	3017
16.76	3018
16.77	3020
16.78	3021
16.79	3022
16.8	3024
16.81	3025
16.82	3026
16.83	3028
16.84	3029
16.85	3030
16.86	3031
16.87	3033
16.88	3034
16.89	3035
16.9	3037
16.91	3038
16.92	3039
16.93	3041
16.94	3042
16.95	3043
16.96	3045
16.97	3046
16.98	3047
16.99	3048
17	3054
17.01	3056
17.02	3057
17.03	3058
17.04	3060
17.05	3061
17.06	3062
17.07	3064
17.08	3065
17.09	3066
17.1	3068
17.11	3069
17.12	3070
17.13	3072
17.14	3073
17.15	3074
17.16	3076
17.17	3077
17.18	3078
17.19	3080
17.2	3081
17.21	3082
17.22	3084
17.23	3085
17.24	3086
17.25	3087
17.26	3089
17.27	3090
17.28	3091
17.29	3093
17.3	3094
17.31	3096
17.32	3097
17.33	3098
17.34	3100
17.35	3101
17.36	3102
17.37	3104
17.38	3105
17.39	3106
17.4	3107
17.41	3109
17.42	3110
17.43	3111
17.44	3113
17.45	3114
17.46	3115
17.47	3116
17.48	3118
17.49	3119
17.5	3126
17.51	3127
17.52	3129
17.53	3130
17.54	3131
17.55	3133
17.56	3134
17.57	3135
17.58	3136
17.59	3138
17.6	3139
17.61	3140
17.62	3142
17.63	3143
17.64	3144
17.65	3146
17.66	3147
17.67	3148
17.68	3149
17.69	3151
17.7	3152
17.71	3153
17.72	3155
17.73	3156
17.74	3157
17.75	3159
17.76	3160
17.77	3161
17.78	3163
17.79	3164
17.8	3165
17.81	3167
17.82	3168
17.83	3169
17.84	3170
17.85	3172
17.86	3173
17.87	3174
17.88	3176
17.89	3177
17.9	3178
17.91	3180
17.92	3181
17.93	3182
17.94	3183
17.95	3185
17.96	3186
17.97	3187
17.98	3189
17.99	3190
18	3198
18.01	3199
18.02	3200
18.03	3202
18.04	3203
18.05	3204
18.06	3205
18.07	3207
18.08	3208
18.09	3209
18.1	3211
18.11	3212
18.12	3213
18.13	3215
18.14	3216
18.15	3217
18.16	3218
18.17	3220
18.18	3221
18.19	3222
18.2	3224
18.21	3225
18.22	3226
18.23	3227
18.24	3229
18.25	3230
18.26	3231
18.27	3233
18.28	3234
18.29	3235
18.3	3237
18.31	3238
18.32	3239
18.33	3240
18.34	3242
18.35	3243
18.36	3244
18.37	3246
18.38	3247
18.39	3248
18.4	3250
18.41	3251
18.42	3252
18.43	3254
18.44	3255
18.45	3256
18.46	3258
18.47	3259
18.48	3260
18.49	3262
18.5	3275
18.51	3277
18.52	3278
18.53	3279
18.54	3281
18.55	3282
18.56	3283
18.57	3285
18.58	3286
18.59	3287
18.6	3289
18.61	3290
18.62	3291
18.63	3293
18.64	3294
18.65	3295
18.66	3297
18.67	3298
18.68	3299
18.69	3301
18.7	3302
18.71	3303
18.72	3305
18.73	3306
18.74	3307
18.75	3309
18.76	3310
18.77	3311
18.78	3313
18.79	3314
18.8	3315
18.81	3316
18.82	3318
18.83	3319
18.84	3320
18.85	3322
18.86	3323
18.87	3324
18.88	3326
18.89	3327
18.9	3328
18.91	3330
18.92	3331
18.93	3332
18.94	3334
18.95	3335
18.96	3336
18.97	3338
18.98	3339
18.99	3341
19	3348
19.01	3350
19.02	3351
19.03	3352
19.04	3354
19.05	3355
19.06	3356
19.07	3358
19.08	3359
19.09	3360
19.1	3362
19.11	3363
19.12	3364
19.13	3366
19.14	3367
19.15	3368
19.16	3370
19.17	3371
19.18	3372
19.19	3374
19.2	3375
19.21	3376
19.22	3378
19.23	3379
19.24	3380
19.25	3382
19.26	3383
19.27	3384
19.28	3386
19.29	3387
19.3	3388
19.31	3390
19.32	3391
19.33	3392
19.34	3394
19.35	3395
19.36	3396
19.37	3398
19.38	3399
19.39	3400
19.4	3402
19.41	3403
19.42	3404
19.43	3406
19.44	3407
19.45	3409
19.46	3410
19.47	3411
19.48	3413
19.49	3414
19.5	3423
19.51	3424
19.52	3426
19.53	3427
19.54	3428
19.55	3430
19.56	3431
19.57	3433
19.58	3434
19.59	3435
19.6	3437
19.61	3438
19.62	3439
19.63	3441
19.64	3442
19.65	3443
19.66	3445
19.67	3446
19.68	3447
19.69	3449
19.7	3450
19.71	3451
19.72	3453
19.73	3454
19.74	3455
19.75	3456
19.76	3458
19.77	3459
19.78	3461
19.79	3462
19.8	3463
19.81	3465
19.82	3466
19.83	3467
19.84	3468
19.85	3470
19.86	3471
19.87	3472
19.88	3474
19.89	3475
19.9	3476
19.91	3478
19.92	3479
19.93	3480
19.94	3481
19.95	3483
19.96	3484
19.97	3485
19.98	3487
19.99	3488
20	3498
20.01	3500
20.02	3501
20.03	3503
20.04	3504
20.05	3505
20.06	3507
20.07	3508
20.08	3509
20.09	3511
20.1	3512
20.11	3513
20.12	3514
20.13	3516
20.14	3517
20.15	3518
20.16	3520
20.17	3521
20.18	3522
20.19	3524
20.2	3525
20.21	3526
20.22	3527
20.23	3529
20.24	3530
20.25	3532
20.26	3533
20.27	3534
20.28	3535
20.29	3537
20.3	3538
20.31	3539
20.32	3541
20.33	3542
20.34	3543
20.35	3545
20.36	3546
20.37	3547
20.38	3549
20.39	3550
20.4	3551
20.41	3552
20.42	3554
20.43	3555
20.44	3556
20.45	3558
20.46	3559
20.47	3560
20.48	3562
20.49	3563
20.5	3572
20.51	3574
20.52	3575
20.53	3577
20.54	3578
20.55	3579
20.56	3581
20.57	3582
20.58	3583
20.59	3585
20.6	3586
20.61	3587
20.62	3589
20.63	3590
20.64	3591
20.65	3593
20.66	3594
20.67	3595
20.68	3597
20.69	3598
20.7	3599
20.71	3601
20.72	3602
20.73	3603
20.74	3605
20.75	3606
20.76	3607
20.77	3609
20.78	3610
20.79	3611
20.8	3613
20.81	3614
20.82	3615
20.83	3616
20.84	3618
20.85	3619
20.86	3620
20.87	3622
20.88	3623
20.89	3624
20.9	3626
20.91	3627
20.92	3628
20.93	3630
20.94	3631
20.95	3632
20.96	3634
20.97	3635
20.98	3636
20.99	3638
21	3649
21.01	3651
21.02	3652
21.03	3653
21.04	3654
21.05	3656
21.06	3657
21.07	3658
21.08	3660
21.09	3661
21.1	3662
21.11	3664
21.12	3665
21.13	3666
21.14	3667
21.15	3669
21.16	3670
21.17	3671
21.18	3673
21.19	3674
21.2	3675
21.21	3677
21.22	3678
21.23	3679
21.24	3680
21.25	3682
21.26	3683
21.27	3684
21.28	3686
21.29	3687
21.3	3688
21.31	3690
21.32	3691
21.33	3692
21.34	3693
21.35	3695
21.36	3696
21.37	3697
21.38	3699
21.39	3700
21.4	3701
21.41	3702
21.42	3704
21.43	3705
21.44	3706
21.45	3708
21.46	3709
21.47	3711
21.48	3712
21.49	3714
21.5	3721
21.51	3722
21.52	3723
21.53	3725
21.54	3726
21.55	3727
21.56	3729
21.57	3730
21.58	3731
21.59	3733
21.6	3734
21.61	3735
21.62	3737
21.63	3738
21.64	3739
21.65	3741
21.66	3742
21.67	3743
21.68	3745
21.69	3746
21.7	3747
21.71	3749
21.72	3750
21.73	3751
21.74	3752
21.75	3754
21.76	3755
21.77	3756
21.78	3758
21.79	3759
21.8	3760
21.81	3762
21.82	3763
21.83	3764
21.84	3766
21.85	3767
21.86	3768
21.87	3769
21.88	3771
21.89	3773
21.9	3775
21.91	3776
21.92	3777
21.93	3778
21.94	3780
21.95	3781
21.96	3782
21.97	3784
21.98	3785
21.99	3786
22	3790
22.01	3792
22.02	3794
22.03	3795
22.04	3796
22.05	3798
22.06	3799
22.07	3800
22.08	3802
22.09	3803
22.1	3804
22.11	3805
22.12	3807
22.13	3808
22.14	3809
22.15	3811
22.16	3812
22.17	3813
22.18	3815
22.19	3816
22.2	3817
22.21	3818
22.22	3820
22.23	3821
22.24	3822
22.25	3824
22.26	3825
22.27	3826
22.28	3828
22.29	3829
22.3	3830
22.31	3832
22.32	3834
22.33	3835
22.34	3836
22.35	3838
22.36	3839
22.37	3840
22.38	3842
22.39	3843
22.4	3844
22.41	3845
22.42	3847
22.43	3848
22.44	3849
22.45	3851
22.46	3852
22.47	3853
22.48	3855
22.49	3856
22.5	3863
22.51	3867
22.52	3868
22.53	3869
22.54	3871
22.55	3872
22.56	3873
22.57	3875
22.58	3876
22.59	3877
22.6	3879
22.61	3880
22.62	3882
22.63	3883
22.64	3884
22.65	3886
22.66	3887
22.67	3888
22.68	3889
22.69	3891
22.7	3892
22.71	3894
22.72	3895
22.73	3896
22.74	3898
22.75	3899
22.76	3900
22.77	3901
22.78	3903
22.79	3904
22.8	3905
22.81	3907
22.82	3908
22.83	3909
22.84	3911
22.85	3912
22.86	3913
22.87	3915
22.88	3916
22.89	3917
22.9	3919
22.91	3920
22.92	3921
22.93	3923
22.94	3924
22.95	3925
22.96	3927
22.97	3928
22.98	3929
22.99	3931
23	3936
23.01	3938
23.02	3939
23.03	3940
23.04	3942
23.05	3943
23.06	3944
23.07	3946
23.08	3947
23.09	3948
23.1	3949
23.11	3951
23.12	3952
23.13	3953
23.14	3955
23.15	3956
23.16	3957
23.17	3959
23.18	3960
23.19	3961
23.2	3963
23.21	3964
23.22	3965
23.23	3967
23.24	3968
23.25	3969
23.26	3971
23.27	3972
23.28	3973
23.29	3975
23.3	3976
23.31	3978
23.32	3979
23.33	3980
23.34	3982
23.35	3983
23.36	3984
23.37	3986
23.38	3987
23.39	3988
23.4	3990
23.41	3991
23.42	3992
23.43	3994
23.44	3995
23.45	3996
23.46	3998
23.47	3999
23.48	4000
23.49	4002
23.5	4007
23.51	4009
23.52	4010
23.53	4011
23.54	4013
23.55	4014
23.56	4015
23.57	4017
23.58	4018
23.59	4020
23.6	4021
23.61	4022
23.62	4024
23.63	4025
23.64	4026
23.65	4027
23.66	4029
23.67	4030
23.68	4031
23.69	4033
23.7	4034
23.71	4035
23.72	4037
23.73	4038
23.74	4039
23.75	4040
23.76	4042
23.77	4043
23.78	4044
23.79	4046
23.8	4047
23.81	4048
23.82	4049
23.83	4051
23.84	4052
23.85	4053
23.86	4054
23.87	4056
23.88	4057
23.89	4058
23.9	4060
23.91	4061
23.92	4062
23.93	4063
23.94	4065
23.95	4066
23.96	4067
23.97	4069
23.98	4070
23.99	4071
24	4076
24.01	4078
24.02	4079
24.03	4080
24.04	4082
24.05	4083
24.06	4084
24.07	4086
24.08	4087
24.09	4088
24.1	4090
24.11	4091
24.12	4092
24.13	4094
24.14	4095
24.15	4096
24.16	4098
24.17	4099
24.18	4100
24.19	4102
24.2	4103
24.21	4104
24.22	4105
24.23	4107
24.24	4108
24.25	4109
24.26	4111
24.27	4112
24.28	4113
24.29	4115
24.3	4116
24.31	4117
24.32	4118
24.33	4120
24.34	4121
24.35	4123
24.36	4124
24.37	4125
24.38	4127
24.39	4128
24.4	4129
24.41	4131
24.42	4132
24.43	4133
24.44	4134
24.45	4136
24.46	4137
24.47	4138
24.48	4140
24.49	4141
24.5	4144
24.51	4146
24.52	4148
24.53	4149
24.54	4150
24.55	4152
24.56	4153
24.57	4154
24.58	4156
24.59	4157
24.6	4158
24.61	4160
24.62	4161
24.63	4162
24.64	4164
24.65	4165
24.66	4167
24.67	4168
24.68	4169
24.69	4171
24.7	4172
24.71	4173
24.72	4175
24.73	4176
24.74	4177
24.75	4179
24.76	4180
24.77	4181
24.78	4183
24.79	4184
24.8	4185
24.81	4187
24.82	4188
24.83	4189
24.84	4190
24.85	4192
24.86	4193
24.87	4194
24.88	4196
24.89	4197
24.9	4198
24.91	4200
24.92	4201
24.93	4202
24.94	4204
24.95	4205
24.96	4206
24.97	4208
24.98	4209
24.99	4210
25	4213
25.01	4216
25.02	4217
25.03	4219
25.04	4220
25.05	4221
25.06	4223
25.07	4224
25.08	4225
25.09	4227
25.1	4228
25.11	4229
25.12	4231
25.13	4232
25.14	4233
25.15	4235
25.16	4236
25.17	4237
25.18	4239
25.19	4240
25.2	4241
25.21	4243
25.22	4244
25.23	4245
25.24	4247
25.25	4248
25.26	4249
25.27	4250
25.28	4252
25.29	4253
25.3	4254
25.31	4256
25.32	4257
25.33	4258
25.34	4260
25.35	4261
25.36	4262
25.37	4264
25.38	4265
25.39	4266
25.4	4268
25.41	4269
25.42	4270
25.43	4271
25.44	4273
25.45	4274
25.46	4275
25.47	4276
25.48	4278
25.49	4279
25.5	4282
25.51	4284
25.52	4286
25.53	4287
25.54	4288
25.55	4290
25.56	4291
25.57	4292
25.58	4293
25.59	4295
25.6	4296
25.61	4297
25.62	4299
25.63	4300
25.64	4301
25.65	4303
25.66	4304
25.67	4305
25.68	4306
25.69	4308
25.7	4309
25.71	4310
25.72	4312
25.73	4313
25.74	4314
25.75	4316
25.76	4317
25.77	4318
25.78	4319
25.79	4321
25.8	4322
25.81	4323
25.82	4325
25.83	4326
25.84	4327
25.85	4329
25.86	4330
25.87	4331
25.88	4333
25.89	4334
25.9	4335
25.91	4337
25.92	4338
25.93	4339
25.94	4340
25.95	4342
25.96	4343
25.97	4344
25.98	4346
25.99	4347
26	4352
26.01	4353
26.02	4354
26.03	4356
26.04	4357
26.05	4358
26.06	4360
26.07	4361
26.08	4362
26.09	4364
26.1	4365
26.11	4366
26.12	4367
26.13	4369
26.14	4370
26.15	4371
26.16	4373
26.17	4374
26.18	4375
26.19	4376
26.2	4378
26.21	4379
26.22	4380
26.23	4382
26.24	4383
26.25	4384
26.26	4386
26.27	4387
26.28	4388
26.29	4389
26.3	4391
26.31	4392
26.32	4393
26.33	4395
26.34	4396
26.35	4397
26.36	4399
26.37	4400
26.38	4401
26.39	4403
26.4	4404
26.41	4405
26.42	4407
26.43	4408
26.44	4409
26.45	4411
26.46	4412
26.47	4413
26.48	4415
26.49	4416
26.5	4420
26.51	4421
26.52	4423
26.53	4424
26.54	4425
26.55	4427
26.56	4428
26.57	4429
26.58	4431
26.59	4432
26.6	4433
26.61	4435
26.62	4436
26.63	4437
26.64	4439
26.65	4440
26.66	4441
26.67	4443
26.68	4444
26.69	4446
26.7	4447
26.71	4448
26.72	4450
26.73	4451
26.74	4452
26.75	4453
26.76	4455
26.77	4456
26.78	4457
26.79	4459
26.8	4460
26.81	4461
26.82	4463
26.83	4464
26.84	4465
26.85	4467
26.86	4468
26.87	4469
26.88	4471
26.89	4472
26.9	4473
26.91	4475
26.92	4476
26.93	4477
26.94	4479
26.95	4480
26.96	4481
26.97	4483
26.98	4484
26.99	4485
27	4489
27.01	4491
27.02	4492
27.03	4493
27.04	4495
27.05	4496
27.06	4497
27.07	4499
27.08	4500
27.09	4502
27.1	4503
27.11	4504
27.12	4506
27.13	4507
27.14	4508
27.15	4510
27.16	4511
27.17	4512
27.18	4514
27.19	4515
27.2	4516
27.21	4518
27.22	4519
27.23	4520
27.24	4522
27.25	4523
27.26	4524
27.27	4526
27.28	4527
27.29	4528
27.3	4530
27.31	4531
27.32	4532
27.33	4534
27.34	4535
27.35	4536
27.36	4538
27.37	4539
27.38	4540
27.39	4542
27.4	4543
27.41	4544
27.42	4546
27.43	4547
27.44	4548
27.45	4550
27.46	4551
27.47	4552
27.48	4554
27.49	4555
27.5	4558
27.51	4560
27.52	4562
27.53	4563
27.54	4564
27.55	4566
27.56	4567
27.57	4568
27.58	4570
27.59	4571
27.6	4573
27.61	4574
27.62	4575
27.63	4577
27.64	4578
27.65	4579
27.66	4581
27.67	4582
27.68	4583
27.69	4584
27.7	4586
27.71	4587
27.72	4588
27.73	4590
27.74	4591
27.75	4592
27.76	4594
27.77	4595
27.78	4596
27.79	4597
27.8	4599
27.81	4600
27.82	4601
27.83	4603
27.84	4604
27.85	4605
27.86	4607
27.87	4608
27.88	4609
27.89	4611
27.9	4612
27.91	4613
27.92	4614
27.93	4616
27.94	4617
27.95	4618
27.96	4620
27.97	4621
27.98	4622
27.99	4624
28	4627
28.01	4629
28.02	4630
28.03	4631
28.04	4633
28.05	4634
28.06	4635
28.07	4637
28.08	4638
28.09	4639
28.1	4640
28.11	4642
28.12	4643
28.13	4644
28.14	4646
28.15	4647
28.16	4648
28.17	4650
28.18	4651
28.19	4652
28.2	4653
28.21	4655
28.22	4656
28.23	4657
28.24	4659
28.25	4660
28.26	4661
28.27	4663
28.28	4664
28.29	4665
28.3	4666
28.31	4668
28.32	4669
28.33	4670
28.34	4672
28.35	4673
28.36	4674
28.37	4676
28.38	4677
28.39	4678
28.4	4679
28.41	4681
28.42	4682
28.43	4683
28.44	4685
28.45	4686
28.46	4687
28.47	4689
28.48	4690
28.49	4691
28.5	4695
28.51	4697
28.52	4698
28.53	4699
28.54	4700
28.55	4702
28.56	4703
28.57	4704
28.58	4706
28.59	4707
28.6	4708
28.61	4710
28.62	4711
28.63	4712
28.64	4714
28.65	4715
28.66	4716
28.67	4718
28.68	4719
28.69	4720
28.7	4721
28.71	4723
28.72	4724
28.73	4725
28.74	4727
28.75	4728
28.76	4729
28.77	4731
28.78	4732
28.79	4733
28.8	4735
28.81	4736
28.82	4737
28.83	4739
28.84	4740
28.85	4741
28.86	4743
28.87	4744
28.88	4745
28.89	4747
28.9	4748
28.91	4749
28.92	4751
28.93	4753
28.94	4754
28.95	4755
28.96	4757
28.97	4758
28.98	4759
28.99	4761
29	4764
29.01	4766
29.02	4767
29.03	4768
29.04	4770
29.05	4771
29.06	4772
29.07	4773
29.08	4775
29.09	4776
29.1	4777
29.11	4779
29.12	4780
29.13	4781
29.14	4783
29.15	4784
29.16	4785
29.17	4786
29.18	4788
29.19	4789
29.2	4790
29.21	4792
29.22	4793
29.23	4794
29.24	4796
29.25	4797
29.26	4798
29.27	4800
29.28	4801
29.29	4802
29.3	4803
29.31	4805
29.32	4806
29.33	4807
29.34	4809
29.35	4810
29.36	4811
29.37	4812
29.38	4814
29.39	4815
29.4	4816
29.41	4818
29.42	4819
29.43	4820
29.44	4822
29.45	4823
29.46	4824
29.47	4825
29.48	4827
29.49	4828
29.5	4832
29.51	4833
29.52	4834
29.53	4836
29.54	4837
29.55	4838
29.56	4840
29.57	4841
29.58	4842
29.59	4844
29.6	4845
29.61	4846
29.62	4848
29.63	4849
29.64	4850
29.65	4852
29.66	4853
29.67	4854
29.68	4856
29.69	4857
29.7	4859
29.71	4860
29.72	4861
29.73	4862
29.74	4864
29.75	4865
29.76	4866
29.77	4868
29.78	4869
29.79	4870
29.8	4872
29.81	4873
29.82	4874
29.83	4876
29.84	4877
29.85	4878
29.86	4879
29.87	4881
29.88	4882
29.89	4883
29.9	4885
29.91	4886
29.92	4887
29.93	4889
29.94	4890
29.95	4891
29.96	4893
29.97	4894
29.98	4895
29.99	4896
30	4900
30.01	4901
30.02	4903
30.03	4904
30.04	4905
30.05	4906
30.06	4908
30.07	4909
30.08	4910
30.09	4912
30.1	4913
30.11	4914
30.12	4916
30.13	4917
30.14	4918
30.15	4919
30.16	4921
30.17	4922
30.18	4923
30.19	4925
30.2	4926
30.21	4927
30.22	4929
30.23	4930
30.24	4931
30.25	4932
30.26	4934
30.27	4935
30.28	4936
30.29	4938
30.3	4939
30.31	4940
30.32	4942
30.33	4943
30.34	4944
30.35	4946
30.36	4947
30.37	4948
30.38	4949
30.39	4951
30.4	4952
30.41	4953
30.42	4955
30.43	4956
30.44	4957
30.45	4958
30.46	4960
30.47	4961
30.48	4962
30.49	4964
30.5	4966
30.51	4969
30.52	4970
30.53	4971
30.54	4973
30.55	4974
30.56	4975
30.57	4977
30.58	4978
30.59	4979
30.6	4981
30.61	4982
30.62	4984
30.63	4985
30.64	4986
30.65	4988
30.66	4989
30.67	4990
30.68	4991
30.69	4993
30.7	4994
30.71	4995
30.72	4997
30.73	4998
30.74	4999
30.75	5001
30.76	5002
30.77	5003
30.78	5004
30.79	5006
30.8	5007
30.81	5008
30.82	5010
30.83	5011
30.84	5012
30.85	5014
30.86	5015
30.87	5016
30.88	5018
30.89	5019
30.9	5020
30.91	5022
30.92	5023
30.93	5024
30.94	5026
30.95	5027
30.96	5028
30.97	5030
30.98	5031
30.99	5032
31	5035
31.01	5037
31.02	5039
31.03	5040
31.04	5041
31.05	5043
31.06	5044
31.07	5045
31.08	5047
31.09	5048
31.1	5049
31.11	5051
31.12	5052
31.13	5053
31.14	5055
31.15	5056
31.16	5057
31.17	5059
31.18	5060
31.19	5061
31.2	5063
31.21	5064
31.22	5065
31.23	5067
31.24	5068
31.25	5069
31.26	5071
31.27	5072
31.28	5073
31.29	5075
31.3	5076
31.31	5077
31.32	5079
31.33	5080
31.34	5081
31.35	5083
31.36	5084
31.37	5086
31.38	5087
31.39	5088
31.4	5090
31.41	5091
31.42	5092
31.43	5094
31.44	5095
31.45	5096
31.46	5098
31.47	5099
31.48	5100
31.49	5102
31.5	5105
31.51	5107
31.52	5108
31.53	5110
31.54	5111
31.55	5113
31.56	5114
31.57	5115
31.58	5117
31.59	5118
31.6	5119
31.61	5121
31.62	5122
31.63	5123
31.64	5125
31.65	5126
31.66	5127
31.67	5129
31.68	5130
31.69	5131
31.7	5132
31.71	5134
31.72	5135
31.73	5136
31.74	5138
31.75	5139
31.76	5140
31.77	5141
31.78	5143
31.79	5144
31.8	5145
31.81	5147
31.82	5148
31.83	5149
31.84	5150
31.85	5152
31.86	5153
31.87	5154
31.88	5156
31.89	5157
31.9	5158
31.91	5159
31.92	5161
31.93	5162
31.94	5163
31.95	5165
31.96	5166
31.97	5167
31.98	5168
31.99	5170
32	5173
32.01	5175
32.02	5176
32.03	5178
32.04	5179
32.05	5180
32.06	5181
32.07	5183
32.08	5184
32.09	5185
32.1	5187
32.11	5188
32.12	5189
32.13	5191
32.14	5192
32.15	5193
32.16	5195
32.17	5196
32.18	5197
32.19	5199
32.2	5200
32.21	5201
32.22	5202
32.23	5204
32.24	5205
32.25	5206
32.26	5208
32.27	5209
32.28	5210
32.29	5212
32.3	5213
32.31	5214
32.32	5215
32.33	5217
32.34	5218
32.35	5219
32.36	5221
32.37	5222
32.38	5224
32.39	5225
32.4	5226
32.41	5228
32.42	5229
32.43	5230
32.44	5231
32.45	5233
32.46	5234
32.47	5235
32.48	5237
32.49	5238
32.5	5242
32.51	5244
32.52	5245
32.53	5247
32.54	5248
32.55	5249
32.56	5251
32.57	5252
32.58	5253
32.59	5255
32.6	5256
32.61	5257
32.62	5259
32.63	5260
32.64	5261
32.65	5263
32.66	5264
32.67	5265
32.68	5267
32.69	5268
32.7	5269
32.71	5271
32.72	5272
32.73	5273
32.74	5275
32.75	5276
32.76	5277
32.77	5279
32.78	5280
32.79	5281
32.8	5283
32.81	5284
32.82	5285
32.83	5287
32.84	5288
32.85	5289
32.86	5291
32.87	5292
32.88	5293
32.89	5295
32.9	5296
32.91	5297
32.92	5299
32.93	5300
32.94	5301
32.95	5302
32.96	5304
32.97	5305
32.98	5306
32.99	5308
33	5316
33.01	5317
33.02	5319
33.03	5320
33.04	5321
33.05	5323
33.06	5324
33.07	5325
33.08	5327
33.09	5328
33.1	5329
33.11	5331
33.12	5332
33.13	5334
33.14	5335
33.15	5336
33.16	5338
33.17	5339
33.18	5340
33.19	5342
33.2	5343
33.21	5344
33.22	5346
33.23	5347
33.24	5348
33.25	5349
33.26	5351
33.27	5352
33.28	5353
33.29	5355
33.3	5356
33.31	5357
33.32	5359
33.33	5360
33.34	5361
33.35	5363
33.36	5364
33.37	5365
33.38	5366
33.39	5368
33.4	5369
33.41	5370
33.42	5371
33.43	5373
33.44	5374
33.45	5375
33.46	5377
33.47	5378
33.48	5379
33.49	5380
33.5	5384
33.51	5386
33.52	5387
33.53	5388
33.54	5389
33.55	5391
33.56	5392
33.57	5393
33.58	5395
33.59	5396
33.6	5397
33.61	5398
33.62	5400
33.63	5401
33.64	5402
33.65	5404
33.66	5405
33.67	5406
33.68	5408
33.69	5409
33.7	5410
33.71	5411
33.72	5413
33.73	5414
33.74	5415
33.75	5417
33.76	5418
33.77	5419
33.78	5421
33.79	5422
33.8	5423
33.81	5425
33.82	5426
33.83	5427
33.84	5429
33.85	5430
33.86	5431
33.87	5432
33.88	5434
33.89	5435
33.9	5436
33.91	5438
33.92	5439
33.93	5440
33.94	5441
33.95	5443
33.96	5444
33.97	5445
33.98	5447
33.99	5448
34	5451
34.01	5453
34.02	5454
34.03	5455
34.04	5457
34.05	5458
34.06	5459
34.07	5461
34.08	5462
34.09	5463
34.1	5464
34.11	5466
34.12	5467
34.13	5469
34.14	5470
34.15	5471
34.16	5472
34.17	5474
34.18	5475
34.19	5476
34.2	5478
34.21	5479
34.22	5480
34.23	5481
34.24	5483
34.25	5484
34.26	5485
34.27	5487
34.28	5488
34.29	5489
34.3	5491
34.31	5492
34.32	5493
34.33	5495
34.34	5496
34.35	5497
34.36	5498
34.37	5500
34.38	5501
34.39	5502
34.4	5504
34.41	5505
34.42	5506
34.43	5508
34.44	5509
34.45	5510
34.46	5512
34.47	5513
34.48	5515
34.49	5516
34.5	5520
34.51	5522
34.52	5523
34.53	5525
34.54	5526
34.55	5527
34.56	5529
34.57	5530
34.58	5531
34.59	5533
34.6	5534
34.61	5535
34.62	5537
34.63	5538
34.64	5539
34.65	5541
34.66	5542
34.67	5543
34.68	5545
34.69	5546
34.7	5547
34.71	5549
34.72	5550
34.73	5551
34.74	5553
34.75	5554
34.76	5555
34.77	5557
34.78	5558
34.79	5559
34.8	5561
34.81	5562
34.82	5563
34.83	5564
34.84	5566
34.85	5567
34.86	5568
34.87	5570
34.88	5571
34.89	5572
34.9	5574
34.91	5575
34.92	5576
34.93	5578
34.94	5579
34.95	5580
34.96	5582
34.97	5583
34.98	5584
34.99	5586
35	5589
35.01	5591
35.02	5592
35.03	5594
35.04	5595
35.05	5596
35.06	5597
35.07	5599
35.08	5600
35.09	5602
35.1	5603
35.11	5604
35.12	5606
35.13	5607
35.14	5608
35.15	5609
35.16	5611
35.17	5612
35.18	5614
35.19	5615
35.2	5616
35.21	5618
35.22	5619
35.23	5620
35.24	5622
35.25	5623
35.26	5624
35.27	5626
35.28	5627
35.29	5628
35.3	5630
35.31	5631
35.32	5632
35.33	5633
35.34	5635
35.35	5636
35.36	5637
35.37	5639
35.38	5640
35.39	5642
35.4	5643
35.41	5644
35.42	5646
35.43	5647
35.44	5648
35.45	5650
35.46	5651
35.47	5652
35.48	5654
35.49	5656
35.5	5659
35.51	5661
35.52	5662
35.53	5664
35.54	5665
35.55	5666
35.56	5668
35.57	5669
35.58	5671
35.59	5672
35.6	5673
35.61	5675
35.62	5676
35.63	5677
35.64	5679
35.65	5680
35.66	5681
35.67	5683
35.68	5684
35.69	5685
35.7	5687
35.71	5688
35.72	5689
35.73	5690
35.74	5692
35.75	5693
35.76	5694
35.77	5696
35.78	5697
35.79	5698
35.8	5700
35.81	5701
35.82	5702
35.83	5703
35.84	5705
35.85	5706
35.86	5707
35.87	5709
35.88	5710
35.89	5711
35.9	5713
35.91	5714
35.92	5715
35.93	5717
35.94	5718
35.95	5719
35.96	5720
35.97	5722
35.98	5723
35.99	5724
36	5728
36.01	5729
36.02	5730
36.03	5732
36.04	5733
36.05	5734
36.06	5736
36.07	5737
36.08	5738
36.09	5739
36.1	5741
36.11	5742
36.12	5743
36.13	5745
36.14	5746
36.15	5747
36.16	5748
36.17	5750
36.18	5751
36.19	5752
36.2	5754
36.21	5755
36.22	5756
36.23	5758
36.24	5759
36.25	5760
36.26	5761
36.27	5763
36.28	5764
36.29	5765
36.3	5767
36.31	5768
36.32	5769
36.33	5771
36.34	5772
36.35	5774
36.36	5775
36.37	5776
36.38	5778
36.39	5779
36.4	5780
36.41	5782
36.42	5783
36.43	5784
36.44	5786
36.45	5787
36.46	5788
36.47	5790
36.48	5791
36.49	5792
36.5	5795
36.51	5797
36.52	5799
36.53	5800
36.54	5801
36.55	5803
36.56	5804
36.57	5805
36.58	5806
36.59	5808
36.6	5809
36.61	5810
36.62	5812
36.63	5813
36.64	5814
36.65	5816
36.66	5817
36.67	5818
36.68	5820
36.69	5821
36.7	5822
36.71	5824
36.72	5825
36.73	5826
36.74	5828
36.75	5829
36.76	5831
36.77	5832
36.78	5833
36.79	5835
36.8	5836
36.81	5837
36.82	5839
36.83	5840
36.84	5841
36.85	5843
36.86	5844
36.87	5845
36.88	5847
36.89	5848
36.9	5849
36.91	5851
36.92	5852
36.93	5853
36.94	5855
36.95	5856
36.96	5857
36.97	5859
36.98	5860
36.99	5861
37	5866
37.01	5868
37.02	5869
37.03	5871
37.04	5872
37.05	5873
37.06	5875
37.07	5876
37.08	5877
37.09	5878
37.1	5880
37.11	5881
37.12	5882
37.13	5884
37.14	5885
37.15	5886
37.16	5888
37.17	5889
37.18	5890
37.19	5892
37.2	5893
37.21	5894
37.22	5895
37.23	5897
37.24	5898
37.25	5899
37.26	5901
37.27	5902
37.28	5903
37.29	5905
37.3	5906
37.31	5907
37.32	5908
37.33	5910
37.34	5911
37.35	5912
37.36	5914
37.37	5915
37.38	5916
37.39	5918
37.4	5919
37.41	5920
37.42	5921
37.43	5923
37.44	5924
37.45	5925
37.46	5927
37.47	5928
37.48	5929
37.49	5931
37.5	5934
37.51	5936
37.52	5937
37.53	5938
37.54	5940
37.55	5941
37.56	5942
37.57	5944
37.58	5945
37.59	5946
37.6	5948
37.61	5949
37.62	5950
37.63	5952
37.64	5953
37.65	5954
37.66	5956
37.67	5957
37.68	5958
37.69	5960
37.7	5961
37.71	5962
37.72	5964
37.73	5965
37.74	5966
37.75	5968
37.76	5969
37.77	5970
37.78	5972
37.79	5973
37.8	5974
37.81	5976
37.82	5977
37.83	5978
37.84	5980
37.85	5981
37.86	5982
37.87	5983
37.88	5985
37.89	5986
37.9	5987
37.91	5989
37.92	5990
37.93	5991
37.94	5993
37.95	5994
37.96	5995
37.97	5997
37.98	5998
37.99	5999
38	6004
38.01	6006
38.02	6007
38.03	6008
38.04	6010
38.05	6011
38.06	6012
38.07	6013
38.08	6015
38.09	6016
38.1	6017
38.11	6019
38.12	6020
38.13	6021
38.14	6023
38.15	6024
38.16	6025
38.17	6027
38.18	6028
38.19	6029
38.2	6030
38.21	6032
38.22	6033
38.23	6034
38.24	6036
38.25	6037
38.26	6038
38.27	6040
38.28	6041
38.29	6042
38.3	6044
38.31	6045
38.32	6046
38.33	6048
38.34	6049
38.35	6050
38.36	6051
38.37	6053
38.38	6054
38.39	6055
38.4	6057
38.41	6058
38.42	6059
38.43	6060
38.44	6062
38.45	6063
38.46	6064
38.47	6066
38.48	6067
38.49	6068
38.5	6072
38.51	6073
38.52	6075
38.53	6076
38.54	6077
38.55	6079
38.56	6080
38.57	6081
38.58	6083
38.59	6084
38.6	6085
38.61	6087
38.62	6088
38.63	6090
38.64	6091
38.65	6092
38.66	6093
38.67	6095
38.68	6096
38.69	6097
38.7	6099
38.71	6100
38.72	6101
38.73	6103
38.74	6104
38.75	6105
38.76	6106
38.77	6108
38.78	6109
38.79	6110
38.8	6112
38.81	6113
38.82	6114
38.83	6116
38.84	6117
38.85	6118
38.86	6119
38.87	6121
38.88	6122
38.89	6123
38.9	6125
38.91	6126
38.92	6128
38.93	6129
38.94	6130
38.95	6132
38.96	6133
38.97	6134
38.98	6136
38.99	6137
39	6140
39.01	6142
39.02	6144
39.03	6145
39.04	6146
39.05	6148
39.06	6149
39.07	6150
39.08	6152
39.09	6153
39.1	6154
39.11	6156
39.12	6157
39.13	6158
39.14	6159
39.15	6161
39.16	6162
39.17	6163
39.18	6165
39.19	6166
39.2	6167
39.21	6169
39.22	6170
39.23	6171
39.24	6173
39.25	6174
39.26	6175
39.27	6177
39.28	6178
39.29	6179
39.3	6181
39.31	6182
39.32	6183
39.33	6185
39.34	6186
39.35	6188
39.36	6189
39.37	6190
39.38	6192
39.39	6193
39.4	6194
39.41	6196
39.42	6197
39.43	6198
39.44	6200
39.45	6201
39.46	6202
39.47	6204
39.48	6205
39.49	6206
39.5	6209
39.51	6212
39.52	6213
39.53	6214
39.54	6216
39.55	6217
39.56	6218
39.57	6220
39.58	6221
39.59	6222
39.6	6224
39.61	6225
39.62	6226
39.63	6228
39.64	6229
39.65	6230
39.66	6232
39.67	6233
39.68	6234
39.69	6236
39.7	6237
39.71	6238
39.72	6240
39.73	6241
39.74	6242
39.75	6244
39.76	6245
39.77	6246
39.78	6247
39.79	6249
39.8	6250
39.81	6251
39.82	6253
39.83	6254
39.84	6255
39.85	6256
39.86	6258
39.87	6259
39.88	6260
39.89	6262
39.9	6263
39.91	6264
39.92	6265
39.93	6267
39.94	6268
39.95	6269
39.96	6271
39.97	6272
39.98	6273
39.99	6274
40	6278
40.01	6280
40.02	6281
40.03	6282
40.04	6283
40.05	6285
40.06	6286
40.07	6287
40.08	6289
40.09	6290
40.1	6291
40.11	6293
40.12	6294
40.13	6295
40.14	6297
40.15	6298
40.16	6299
40.17	6301
40.18	6302
40.19	6303
40.2	6304
40.21	6306
40.22	6307
40.23	6308
40.24	6310
40.25	6311
40.26	6312
40.27	6314
40.28	6315
40.29	6316
40.3	6317
40.31	6319
40.32	6320
40.33	6321
40.34	6323
40.35	6324
40.36	6326
40.37	6327
40.38	6328
40.39	6330
40.4	6331
40.41	6332
40.42	6334
40.43	6335
40.44	6336
40.45	6338
40.46	6339
40.47	6340
40.48	6342
40.49	6343
40.5	6346
40.51	6348
40.52	6350
40.53	6351
40.54	6352
40.55	6354
40.56	6355
40.57	6356
40.58	6358
40.59	6359
40.6	6360
40.61	6362
40.62	6363
40.63	6364
40.64	6366
40.65	6367
40.66	6369
40.67	6370
40.68	6371
40.69	6373
40.7	6374
40.71	6375
40.72	6377
40.73	6378
40.74	6379
40.75	6381
40.76	6382
40.77	6383
40.78	6385
40.79	6386
40.8	6387
40.81	6389
40.82	6390
40.83	6391
40.84	6392
40.85	6394
40.86	6395
40.87	6396
40.88	6398
40.89	6399
40.9	6400
40.91	6402
40.92	6403
40.93	6404
40.94	6406
40.95	6407
40.96	6408
40.97	6409
40.98	6411
40.99	6412
41	6416
41.01	6417
41.02	6419
41.03	6420
41.04	6421
41.05	6422
41.06	6424
41.07	6425
41.08	6426
41.09	6428
41.1	6429
41.11	6430
41.12	6432
41.13	6433
41.14	6435
41.15	6436
41.16	6437
41.17	6439
41.18	6440
41.19	6441
41.2	6443
41.21	6444
41.22	6445
41.23	6446
41.24	6448
41.25	6449
41.26	6450
41.27	6452
41.28	6453
41.29	6454
41.3	6456
41.31	6457
41.32	6458
41.33	6460
41.34	6461
41.35	6462
41.36	6463
41.37	6465
41.38	6466
41.39	6467
41.4	6469
41.41	6470
41.42	6471
41.43	6472
41.44	6474
41.45	6475
41.46	6476
41.47	6477
41.48	6479
41.49	6480
41.5	6487
41.51	6488
41.52	6489
41.53	6491
41.54	6492
41.55	6493
41.56	6494
41.57	6496
41.58	6497
41.59	6498
41.6	6500
41.61	6501
41.62	6502
41.63	6503
41.64	6505
41.65	6506
41.66	6507
41.67	6509
41.68	6510
41.69	6511
41.7	6512
41.71	6514
41.72	6515
41.73	6516
41.74	6518
41.75	6519
41.76	6520
41.77	6522
41.78	6523
41.79	6524
41.8	6525
41.81	6527
41.82	6528
41.83	6529
41.84	6531
41.85	6532
41.86	6533
41.87	6534
41.88	6536
41.89	6537
41.9	6538
41.91	6540
41.92	6541
41.93	6542
41.94	6543
41.95	6545
41.96	6546
41.97	6547
41.98	6549
41.99	6550
42	6553
42.01	6555
42.02	6556
42.03	6557
42.04	6559
42.05	6560
42.06	6561
42.07	6563
42.08	6564
42.09	6565
42.1	6566
42.11	6568
42.12	6569
42.13	6570
42.14	6571
42.15	6573
42.16	6574
42.17	6575
42.18	6577
42.19	6578
42.2	6579
42.21	6580
42.22	6582
42.23	6583
42.24	6584
42.25	6586
42.26	6587
42.27	6588
42.28	6590
42.29	6591
42.3	6592
42.31	6593
42.32	6595
42.33	6596
42.34	6597
42.35	6599
42.36	6600
42.37	6601
42.38	6603
42.39	6604
42.4	6605
42.41	6607
42.42	6608
42.43	6609
42.44	6611
42.45	6612
42.46	6613
42.47	6615
42.48	6616
42.49	6618
42.5	6621
42.51	6623
42.52	6624
42.53	6625
42.54	6627
42.55	6628
42.56	6629
42.57	6631
42.58	6632
42.59	6634
42.6	6635
42.61	6636
42.62	6638
42.63	6639
42.64	6640
42.65	6642
42.66	6643
42.67	6644
42.68	6646
42.69	6647
42.7	6648
42.71	6649
42.72	6651
42.73	6652
42.74	6653
42.75	6655
42.76	6656
42.77	6657
42.78	6659
42.79	6660
42.8	6661
42.81	6663
42.82	6664
42.83	6665
42.84	6667
42.85	6668
42.86	6669
42.87	6671
42.88	6672
42.89	6673
42.9	6674
42.91	6676
42.92	6677
42.93	6678
42.94	6680
42.95	6681
42.96	6682
42.97	6684
42.98	6685
42.99	6686
43	6690
43.01	6691
43.02	6693
43.03	6694
43.04	6696
43.05	6697
43.06	6698
43.07	6700
43.08	6701
43.09	6702
43.1	6704
43.11	6705
43.12	6706
43.13	6708
43.14	6709
43.15	6710
43.16	6712
43.17	6713
43.18	6714
43.19	6716
43.2	6717
43.21	6718
43.22	6720
43.23	6721
43.24	6722
43.25	6724
43.26	6725
43.27	6726
43.28	6728
43.29	6729
43.3	6730
43.31	6731
43.32	6733
43.33	6734
43.34	6735
43.35	6737
43.36	6738
43.37	6739
43.38	6741
43.39	6742
43.4	6744
43.41	6745
43.42	6746
43.43	6748
43.44	6749
43.45	6750
43.46	6752
43.47	6753
43.48	6754
43.49	6756
43.5	6758
43.51	6761
43.52	6762
43.53	6763
43.54	6765
43.55	6766
43.56	6768
43.57	6769
43.58	6770
43.59	6772
43.6	6773
43.61	6774
43.62	6776
43.63	6777
43.64	6778
43.65	6780
43.66	6781
43.67	6782
43.68	6784
43.69	6785
43.7	6786
43.71	6788
43.72	6789
43.73	6790
43.74	6791
43.75	6793
43.76	6794
43.77	6795
43.78	6797
43.79	6798
43.8	6799
43.81	6801
43.82	6802
43.83	6803
43.84	6805
43.85	6806
43.86	6807
43.87	6808
43.88	6810
43.89	6811
43.9	6812
43.91	6814
43.92	6815
43.93	6816
43.94	6818
43.95	6819
43.96	6820
43.97	6821
43.98	6823
43.99	6824
44	6827
44.01	6829
44.02	6830
44.03	6832
44.04	6833
44.05	6834
44.06	6835
44.07	6837
44.08	6838
44.09	6839
44.1	6841
44.11	6842
44.12	6843
44.13	6845
44.14	6846
44.15	6847
44.16	6848
44.17	6850
44.18	6851
44.19	6852
44.2	6854
44.21	6855
44.22	6856
44.23	6858
44.24	6859
44.25	6860
44.26	6861
44.27	6863
44.28	6864
44.29	6865
44.3	6867
44.31	6868
44.32	6869
44.33	6871
44.34	6872
44.35	6873
44.36	6874
44.37	6876
44.38	6877
44.39	6878
44.4	6880
44.41	6881
44.42	6882
44.43	6884
44.44	6885
44.45	6886
44.46	6888
44.47	6889
44.48	6890
44.49	6892
44.5	6895
44.51	6897
44.52	6898
44.53	6899
44.54	6901
44.55	6902
44.56	6903
44.57	6905
44.58	6906
44.59	6907
44.6	6909
44.61	6910
44.62	6911
44.63	6912
44.64	6914
44.65	6915
44.66	6916
44.67	6918
44.68	6919
44.69	6920
44.7	6922
44.71	6923
44.72	6924
44.73	6926
44.74	6927
44.75	6928
44.76	6930
44.77	6931
44.78	6932
44.79	6934
44.8	6935
44.81	6936
44.82	6938
44.83	6939
44.84	6940
44.85	6942
44.86	6943
44.87	6944
44.88	6946
44.89	6947
44.9	6948
44.91	6950
44.92	6951
44.93	6952
44.94	6954
44.95	6955
44.96	6956
44.97	6958
44.98	6959
44.99	6960
45	6964
45.01	6965
45.02	6966
45.03	6968
45.04	6969
45.05	6970
45.06	6972
45.07	6973
45.08	6974
45.09	6976
45.1	6977
45.11	6978
45.12	6979
45.13	6981
45.14	6982
45.15	6983
45.16	6985
45.17	6986
45.18	6987
45.19	6989
45.2	6990
45.21	6991
45.22	6993
45.23	6994
45.24	6995
45.25	6997
45.26	6998
45.27	6999
45.28	7000
45.29	7002
45.3	7003
45.31	7004
45.32	7006
45.33	7007
45.34	7008
45.35	7010
45.36	7011
45.37	7012
45.38	7013
45.39	7015
45.4	7016
45.41	7017
45.42	7019
45.43	7020
45.44	7021
45.45	7023
45.46	7024
45.47	7025
45.48	7026
45.49	7028
45.5	7031
45.51	7033
45.52	7034
45.53	7035
45.54	7037
45.55	7038
45.56	7039
45.57	7041
45.58	7042
45.59	7043
45.6	7045
45.61	7046
45.62	7047
45.63	7049
45.64	7050
45.65	7051
45.66	7053
45.67	7054
45.68	7055
45.69	7057
45.7	7058
45.71	7059
45.72	7061
45.73	7062
45.74	7063
45.75	7065
45.76	7066
45.77	7067
45.78	7069
45.79	7070
45.8	7071
45.81	7073
45.82	7074
45.83	7075
45.84	7076
45.85	7078
45.86	7079
45.87	7080
45.88	7082
45.89	7083
45.9	7084
45.91	7086
45.92	7087
45.93	7088
45.94	7090
45.95	7091
45.96	7092
45.97	7093
45.98	7095
45.99	7096
46	7099
46.01	7101
46.02	7102
46.03	7104
46.04	7105
46.05	7106
46.06	7107
46.07	7109
46.08	7110
46.09	7111
46.1	7113
46.11	7114
46.12	7115
46.13	7117
46.14	7118
46.15	7119
46.16	7120
46.17	7122
46.18	7123
46.19	7124
46.2	7126
46.21	7127
46.22	7128
46.23	7130
46.24	7131
46.25	7132
46.26	7134
46.27	7135
46.28	7136
46.29	7137
46.3	7139
46.31	7140
46.32	7141
46.33	7143
46.34	7144
46.35	7145
46.36	7146
46.37	7148
46.38	7149
46.39	7150
46.4	7152
46.41	7153
46.42	7154
46.43	7156
46.44	7157
46.45	7158
46.46	7159
46.47	7161
46.48	7162
46.49	7163
46.5	7167
46.51	7168
46.52	7170
46.53	7171
46.54	7172
46.55	7174
46.56	7175
46.57	7176
46.58	7178
46.59	7179
46.6	7180
46.61	7182
46.62	7183
46.63	7185
46.64	7186
46.65	7187
46.66	7188
46.67	7190
46.68	7191
46.69	7192
46.7	7194
46.71	7195
46.72	7196
46.73	7198
46.74	7199
46.75	7200
46.76	7201
46.77	7203
46.78	7204
46.79	7205
46.8	7207
46.81	7208
46.82	7209
46.83	7210
46.84	7212
46.85	7213
46.86	7214
46.87	7216
46.88	7217
46.89	7218
46.9	7220
46.91	7221
46.92	7222
46.93	7224
46.94	7225
46.95	7226
46.96	7228
46.97	7229
46.98	7230
46.99	7232
47	7235
47.01	7237
47.02	7238
47.03	7239
47.04	7241
47.05	7242
47.06	7243
47.07	7245
47.08	7246
47.09	7247
47.1	7249
47.11	7250
47.12	7251
47.13	7252
47.14	7254
47.15	7255
47.16	7256
47.17	7258
47.18	7259
47.19	7260
47.2	7262
47.21	7263
47.22	7264
47.23	7266
47.24	7267
47.25	7268
47.26	7270
47.27	7271
47.28	7273
47.29	7274
47.3	7275
47.31	7277
47.32	7278
47.33	7279
47.34	7281
47.35	7282
47.36	7283
47.37	7285
47.38	7286
47.39	7287
47.4	7289
47.41	7290
47.42	7291
47.43	7293
47.44	7294
47.45	7296
47.46	7297
47.47	7298
47.48	7300
47.49	7301
47.5	7304
47.51	7306
47.52	7307
47.53	7308
47.54	7310
47.55	7311
47.56	7312
47.57	7314
47.58	7315
47.59	7317
47.6	7318
47.61	7319
47.62	7321
47.63	7322
47.64	7323
47.65	7324
47.66	7326
47.67	7327
47.68	7328
47.69	7330
47.7	7331
47.71	7332
47.72	7334
47.73	7335
47.74	7336
47.75	7337
47.76	7339
47.77	7340
47.78	7341
47.79	7343
47.8	7344
47.81	7345
47.82	7347
47.83	7348
47.84	7349
47.85	7351
47.86	7352
47.87	7353
47.88	7354
47.89	7356
47.9	7357
47.91	7358
47.92	7360
47.93	7361
47.94	7362
47.95	7363
47.96	7365
47.97	7366
47.98	7367
47.99	7368
48	7372
48.01	7374
48.02	7375
48.03	7376
48.04	7377
48.05	7379
48.06	7380
48.07	7381
48.08	7383
48.09	7384
48.1	7385
48.11	7387
48.12	7388
48.13	7389
48.14	7391
48.15	7392
48.16	7393
48.17	7394
48.18	7396
48.19	7397
48.2	7398
48.21	7400
48.22	7401
48.23	7402
48.24	7403
48.25	7405
48.26	7406
48.27	7407
48.28	7409
48.29	7410
48.3	7411
48.31	7412
48.32	7414
48.33	7415
48.34	7416
48.35	7418
48.36	7419
48.37	7420
48.38	7422
48.39	7423
48.4	7425
48.41	7426
48.42	7427
48.43	7429
48.44	7430
48.45	7431
48.46	7432
48.47	7434
48.48	7435
48.49	7436
48.5	7440
48.51	7441
48.52	7443
48.53	7444
48.54	7446
48.55	7447
48.56	7448
48.57	7450
48.58	7451
48.59	7452
48.6	7454
48.61	7455
48.62	7456
48.63	7458
48.64	7459
48.65	7460
48.66	7462
48.67	7463
48.68	7464
48.69	7466
48.7	7467
48.71	7468
48.72	7470
48.73	7471
48.74	7472
48.75	7474
48.76	7475
48.77	7476
48.78	7478
48.79	7479
48.8	7480
48.81	7482
48.82	7483
48.83	7484
48.84	7486
48.85	7487
48.86	7488
48.87	7490
48.88	7491
48.89	7492
48.9	7493
48.91	7495
48.92	7496
48.93	7497
48.94	7499
48.95	7500
48.96	7501
48.97	7503
48.98	7504
48.99	7505
49	7509
49.01	7510
49.02	7511
49.03	7513
49.04	7514
49.05	7515
49.06	7517
49.07	7518
49.08	7519
49.09	7521
49.1	7522
49.11	7523
49.12	7525
49.13	7526
49.14	7527
49.15	7529
49.16	7530
49.17	7531
49.18	7533
49.19	7534
49.2	7535
49.21	7537
49.22	7538
49.23	7539
49.24	7541
49.25	7542
49.26	7543
49.27	7545
49.28	7546
49.29	7547
49.3	7548
49.31	7550
49.32	7551
49.33	7552
49.34	7554
49.35	7555
49.36	7556
49.37	7558
49.38	7559
49.39	7560
49.4	7561
49.41	7563
49.42	7564
49.43	7565
49.44	7566
49.45	7568
49.46	7569
49.47	7570
49.48	7572
49.49	7573
49.5	7576
49.51	7578
49.52	7579
49.53	7580
49.54	7581
49.55	7583
49.56	7584
49.57	7585
49.58	7587
49.59	7588
49.6	7589
49.61	7590
49.62	7592
49.63	7593
49.64	7594
49.65	7596
49.66	7597
49.67	7598
49.68	7599
49.69	7601
49.7	7602
49.71	7603
49.72	7605
49.73	7606
49.74	7607
49.75	7609
49.76	7610
49.77	7611
49.78	7612
49.79	7614
49.8	7615
49.81	7616
49.82	7618
49.83	7619
49.84	7620
49.85	7622
49.86	7623
49.87	7624
49.88	7626
49.89	7627
49.9	7628
49.91	7629
49.92	7631
49.93	7632
49.94	7633
49.95	7635
49.96	7636
49.97	7637
49.98	7638
49.99	7640
50	7643
50.01	7644
50.02	7646
50.03	7647
50.04	7648
50.05	7649
50.06	7651
50.07	7652
50.08	7653
50.09	7655
50.1	7656
50.11	7657
50.12	7658
50.13	7660
50.14	7661
50.15	7662
50.16	7664
50.17	7665
50.18	7666
50.19	7667
50.2	7669
50.21	7670
50.22	7671
50.23	7672
50.24	7674
50.25	7675
50.26	7676
50.27	7678
50.28	7679
50.29	7680
50.3	7682
50.31	7683
50.32	7684
50.33	7685
50.34	7687
50.35	7688
50.36	7689
50.37	7691
50.38	7692
50.39	7693
50.4	7695
50.41	7696
50.42	7697
50.43	7699
50.44	7700
50.45	7701
50.46	7703
50.47	7704
50.48	7705
50.49	7707
50.5	7710
50.51	7711
50.52	7713
50.53	7714
50.54	7715
50.55	7717
50.56	7718
50.57	7719
50.58	7721
50.59	7722
50.6	7723
50.61	7725
50.62	7726
50.63	7727
50.64	7729
50.65	7730
50.66	7731
50.67	7733
50.68	7734
50.69	7735
50.7	7737
50.71	7738
50.72	7739
50.73	7741
50.74	7742
50.75	7743
50.76	7745
50.77	7746
50.78	7747
50.79	7749
50.8	7750
50.81	7751
50.82	7753
50.83	7754
50.84	7755
50.85	7756
50.86	7758
50.87	7759
50.88	7760
50.89	7762
50.9	7763
50.91	7764
50.92	7766
50.93	7767
50.94	7768
50.95	7770
50.96	7771
50.97	7772
50.98	7774
50.99	7775
51	7778
51.01	7780
51.02	7781
51.03	7783
51.04	7784
51.05	7785
51.06	7787
51.07	7788
51.08	7789
51.09	7791
51.1	7792
51.11	7793
51.12	7795
51.13	7796
51.14	7797
51.15	7799
51.16	7800
51.17	7801
51.18	7803
51.19	7804
51.2	7805
51.21	7807
51.22	7808
51.23	7809
51.24	7811
51.25	7812
51.26	7813
51.27	7815
51.28	7816
51.29	7817
51.3	7819
51.31	7820
51.32	7821
51.33	7823
51.34	7824
51.35	7825
51.36	7826
51.37	7828
51.38	7829
51.39	7831
51.4	7832
51.41	7833
51.42	7835
51.43	7836
51.44	7837
51.45	7839
51.46	7840
51.47	7841
51.48	7843
51.49	7844
51.5	7847
51.51	7849
51.52	7850
51.53	7851
51.54	7853
51.55	7854
51.56	7856
51.57	7857
51.58	7858
51.59	7860
51.6	7861
51.61	7862
51.62	7864
51.63	7865
51.64	7867
51.65	7868
51.66	7869
51.67	7871
51.68	7872
51.69	7873
51.7	7874
51.71	7876
51.72	7877
51.73	7878
51.74	7880
51.75	7881
51.76	7882
51.77	7884
51.78	7885
51.79	7886
51.8	7888
51.81	7889
51.82	7890
51.83	7891
51.84	7893
51.85	7894
51.86	7895
51.87	7897
51.88	7898
51.89	7899
51.9	7901
51.91	7902
51.92	7903
51.93	7904
51.94	7906
51.95	7907
51.96	7908
51.97	7910
51.98	7911
51.99	7912
52	7915
52.01	7917
52.02	7918
52.03	7919
52.04	7921
52.05	7922
52.06	7923
52.07	7924
52.08	7926
52.09	7927
52.1	7928
52.11	7930
52.12	7931
52.13	7932
52.14	7933
52.15	7935
52.16	7936
52.17	7937
52.18	7939
52.19	7940
52.2	7941
52.21	7943
52.22	7944
52.23	7945
52.24	7946
52.25	7948
52.26	7949
52.27	7950
52.28	7952
52.29	7953
52.3	7954
52.31	7956
52.32	7957
52.33	7958
52.34	7960
52.35	7961
52.36	7962
52.37	7963
52.38	7965
52.39	7966
52.4	7967
52.41	7969
52.42	7970
52.43	7971
52.44	7973
52.45	7974
52.46	7975
52.47	7977
52.48	7978
52.49	7979
52.5	7982
52.51	7984
52.52	7985
52.53	7987
52.54	7988
52.55	7989
52.56	7991
52.57	7992
52.58	7993
52.59	7994
52.6	7996
52.61	7997
52.62	7998
52.63	8000
52.64	8001
52.65	8002
52.66	8004
52.67	8005
52.68	8006
52.69	8008
52.7	8009
52.71	8010
52.72	8012
52.73	8013
52.74	8014
52.75	8016
52.76	8017
52.77	8018
52.78	8020
52.79	8021
52.8	8022
52.81	8024
52.82	8025
52.83	8026
52.84	8028
52.85	8029
52.86	8030
52.87	8032
52.88	8033
52.89	8034
52.9	8036
52.91	8037
52.92	8038
52.93	8040
52.94	8041
52.95	8042
52.96	8044
52.97	8045
52.98	8046
52.99	8048
53	8051
53.01	8052
53.02	8054
53.03	8055
53.04	8056
53.05	8058
53.06	8059
53.07	8060
53.08	8061
53.09	8063
53.1	8064
53.11	8065
53.12	8067
53.13	8068
53.14	8069
53.15	8070
53.16	8072
53.17	8073
53.18	8074
53.19	8076
53.2	8077
53.21	8078
53.22	8080
53.23	8081
53.24	8082
53.25	8084
53.26	8085
53.27	8086
53.28	8087
53.29	8089
53.3	8090
53.31	8091
53.32	8093
53.33	8094
53.34	8095
53.35	8097
53.36	8098
53.37	8099
53.38	8101
53.39	8102
53.4	8103
53.41	8104
53.42	8106
53.43	8107
53.44	8108
53.45	8110
53.46	8111
53.47	8112
53.48	8114
53.49	8115
53.5	8118
53.51	8120
53.52	8122
53.53	8123
53.54	8124
53.55	8126
53.56	8127
53.57	8128
53.58	8130
53.59	8131
53.6	8132
53.61	8134
53.62	8135
53.63	8136
53.64	8138
53.65	8139
53.66	8140
53.67	8142
53.68	8143
53.69	8144
53.7	8146
53.71	8147
53.72	8148
53.73	8150
53.74	8151
53.75	8152
53.76	8154
53.77	8155
53.78	8156
53.79	8158
53.8	8159
53.81	8160
53.82	8162
53.83	8163
53.84	8164
53.85	8166
53.86	8167
53.87	8168
53.88	8169
53.89	8171
53.9	8172
53.91	8173
53.92	8175
53.93	8176
53.94	8177
53.95	8179
53.96	8180
53.97	8181
53.98	8182
53.99	8184
54	8187
54.01	8188
54.02	8190
54.03	8191
54.04	8192
54.05	8194
54.06	8195
54.07	8196
54.08	8198
54.09	8199
54.1	8200
54.11	8202
54.12	8203
54.13	8204
54.14	8205
54.15	8207
54.16	8208
54.17	8209
54.18	8211
54.19	8212
54.2	8213
54.21	8215
54.22	8216
54.23	8217
54.24	8218
54.25	8220
54.26	8221
54.27	8222
54.28	8224
54.29	8225
54.3	8226
54.31	8228
54.32	8229
54.33	8230
54.34	8231
54.35	8233
54.36	8234
54.37	8235
54.38	8237
54.39	8238
54.4	8239
54.41	8241
54.42	8242
54.43	8243
54.44	8244
54.45	8246
54.46	8247
54.47	8248
54.48	8250
54.49	8251
54.5	8254
54.51	8255
54.52	8257
54.53	8258
54.54	8260
54.55	8261
54.56	8262
54.57	8264
54.58	8265
54.59	8266
54.6	8268
54.61	8269
54.62	8270
54.63	8272
54.64	8273
54.65	8274
54.66	8276
54.67	8277
54.68	8278
54.69	8280
54.7	8281
54.71	8282
54.72	8283
54.73	8285
54.74	8286
54.75	8287
54.76	8289
54.77	8290
54.78	8291
54.79	8292
54.8	8294
54.81	8295
54.82	8296
54.83	8298
54.84	8299
54.85	8300
54.86	8301
54.87	8303
54.88	8304
54.89	8305
54.9	8307
54.91	8308
54.92	8309
54.93	8311
54.94	8312
54.95	8313
54.96	8315
54.97	8316
54.98	8317
54.99	8319
55	8322
55.01	8325
55.02	8326
55.03	8327
55.04	8329
55.05	8330
55.06	8331
55.07	8333
55.08	8334
55.09	8335
55.1	8337
55.11	8338
55.12	8339
55.13	8340
55.14	8342
55.15	8343
55.16	8344
55.17	8346
55.18	8347
55.19	8348
55.2	8350
55.21	8351
55.22	8352
55.23	8354
55.24	8355
55.25	8356
55.26	8358
55.27	8359
55.28	8360
55.29	8362
55.3	8363
55.31	8364
55.32	8366
55.33	8367
55.34	8369
55.35	8370
55.36	8371
55.37	8373
55.38	8374
55.39	8375
55.4	8377
55.41	8378
55.42	8379
55.43	8381
55.44	8382
55.45	8383
55.46	8385
55.47	8386
55.48	8387
55.49	8389
55.5	8392
55.51	8394
55.52	8395
55.53	8396
55.54	8398
55.55	8399
55.56	8400
55.57	8402
55.58	8403
55.59	8405
55.6	8406
55.61	8407
55.62	8409
55.63	8410
55.64	8411
55.65	8413
55.66	8414
55.67	8415
55.68	8416
55.69	8418
55.7	8419
55.71	8420
55.72	8422
55.73	8423
55.74	8424
55.75	8426
55.76	8427
55.77	8428
55.78	8430
55.79	8431
55.8	8432
55.81	8433
55.82	8435
55.83	8436
55.84	8437
55.85	8439
55.86	8440
55.87	8441
55.88	8442
55.89	8444
55.9	8445
55.91	8446
55.92	8448
55.93	8449
55.94	8450
55.95	8451
55.96	8453
55.97	8454
55.98	8455
55.99	8457
56	8459
56.01	8462
56.02	8463
56.03	8465
56.04	8466
56.05	8467
56.06	8469
56.07	8470
56.08	8471
56.09	8473
56.1	8474
56.11	8475
56.12	8477
56.13	8478
56.14	8479
56.15	8481
56.16	8482
56.17	8483
56.18	8484
56.19	8486
56.2	8487
56.21	8488
56.22	8490
56.23	8491
56.24	8492
56.25	8493
56.26	8495
56.27	8496
56.28	8497
56.29	8499
56.3	8500
56.31	8501
56.32	8503
56.33	8504
56.34	8505
56.35	8507
56.36	8508
56.37	8509
56.38	8511
56.39	8512
56.4	8513
56.41	8515
56.42	8516
56.43	8517
56.44	8519
56.45	8520
56.46	8521
56.47	8523
56.48	8524
56.49	8525
56.5	8528
56.51	8530
56.52	8531
56.53	8533
56.54	8534
56.55	8536
56.56	8537
56.57	8538
56.58	8540
56.59	8541
56.6	8542
56.61	8544
56.62	8545
56.63	8546
56.64	8548
56.65	8549
56.66	8550
56.67	8552
56.68	8553
56.69	8554
56.7	8556
56.71	8557
56.72	8558
56.73	8560
56.74	8561
56.75	8562
56.76	8564
56.77	8565
56.78	8566
56.79	8568
56.8	8569
56.81	8570
56.82	8572
56.83	8573
56.84	8574
56.85	8576
56.86	8577
56.87	8578
56.88	8580
56.89	8581
56.9	8582
56.91	8583
56.92	8585
56.93	8586
56.94	8587
56.95	8589
56.96	8590
56.97	8591
56.98	8593
56.99	8594
57	8597
57.01	8598
57.02	8600
57.03	8601
57.04	8602
57.05	8604
57.06	8605
57.07	8606
57.08	8608
57.09	8609
57.1	8610
57.11	8612
57.12	8613
57.13	8614
57.14	8616
57.15	8617
57.16	8618
57.17	8620
57.18	8621
57.19	8622
57.2	8624
57.21	8625
57.22	8626
57.23	8628
57.24	8629
57.25	8630
57.26	8632
57.27	8633
57.28	8634
57.29	8635
57.3	8637
57.31	8638
57.32	8639
57.33	8641
57.34	8642
57.35	8643
57.36	8645
57.37	8646
57.38	8647
57.39	8648
57.4	8650
57.41	8651
57.42	8652
57.43	8654
57.44	8655
57.45	8656
57.46	8657
57.47	8659
57.48	8660
57.49	8661
57.5	8666
57.51	8667
57.52	8668
57.53	8670
57.54	8671
57.55	8672
57.56	8673
57.57	8675
57.58	8676
57.59	8677
57.6	8679
57.61	8680
57.62	8681
57.63	8682
57.64	8684
57.65	8685
57.66	8686
57.67	8688
57.68	8689
57.69	8690
57.7	8692
57.71	8693
57.72	8694
57.73	8695
57.74	8697
57.75	8698
57.76	8699
57.77	8701
57.78	8702
57.79	8703
57.8	8705
57.81	8706
57.82	8707
57.83	8709
57.84	8710
57.85	8711
57.86	8712
57.87	8714
57.88	8715
57.89	8716
57.9	8718
57.91	8719
57.92	8720
57.93	8721
57.94	8723
57.95	8724
57.96	8725
57.97	8727
57.98	8728
57.99	8729
58	8732
58.01	8737
58.02	8738
58.03	8739
58.04	8741
58.05	8742
58.06	8743
58.07	8744
58.08	8746
58.09	8747
58.1	8748
58.11	8750
58.12	8751
58.13	8752
58.14	8753
58.15	8755
58.16	8756
58.17	8757
58.18	8759
58.19	8760
58.2	8761
58.21	8762
58.22	8764
58.23	8765
58.24	8766
58.25	8768
58.26	8769
58.27	8770
58.28	8771
58.29	8773
58.3	8774
58.31	8775
58.32	8777
58.33	8778
58.34	8779
58.35	8780
58.36	8782
58.37	8783
58.38	8784
58.39	8786
58.4	8787
58.41	8788
58.42	8790
58.43	8791
58.44	8792
58.45	8794
58.46	8795
58.47	8796
58.48	8798
58.49	8799
58.5	8808
58.51	8811
58.52	8812
58.53	8813
58.54	8815
58.55	8816
58.56	8817
58.57	8818
58.58	8820
58.59	8821
58.6	8822
58.61	8824
58.62	8825
58.63	8826
58.64	8828
58.65	8829
58.66	8830
58.67	8832
58.68	8833
58.69	8835
58.7	8836
58.71	8837
58.72	8838
58.73	8840
58.74	8841
58.75	8842
58.76	8844
58.77	8845
58.78	8846
58.79	8848
58.8	8849
58.81	8850
58.82	8852
58.83	8853
58.84	8854
58.85	8856
58.86	8857
58.87	8858
58.88	8860
58.89	8861
58.9	8862
58.91	8864
58.92	8865
58.93	8866
58.94	8868
58.95	8869
58.96	8870
58.97	8871
58.98	8873
58.99	8874
59	8877
59.01	8879
59.02	8880
59.03	8881
59.04	8883
59.05	8884
59.06	8885
59.07	8887
59.08	8888
59.09	8889
59.1	8891
59.11	8892
59.12	8894
59.13	8895
59.14	8896
59.15	8897
59.16	8899
59.17	8900
59.18	8901
59.19	8903
59.2	8904
59.21	8906
59.22	8907
59.23	8908
59.24	8910
59.25	8911
59.26	8912
59.27	8913
59.28	8915
59.29	8916
59.3	8917
59.31	8919
59.32	8920
59.33	8921
59.34	8923
59.35	8924
59.36	8925
59.37	8927
59.38	8928
59.39	8929
59.4	8931
59.41	8932
59.42	8933
59.43	8935
59.44	8936
59.45	8937
59.46	8939
59.47	8940
59.48	8941
59.49	8943
59.5	8946
59.51	8947
59.52	8949
59.53	8950
59.54	8952
59.55	8953
59.56	8954
59.57	8956
59.58	8957
59.59	8958
59.6	8960
59.61	8961
59.62	8962
59.63	8964
59.64	8965
59.65	8967
59.66	8968
59.67	8969
59.68	8970
59.69	8972
59.7	8973
59.71	8974
59.72	8976
59.73	8977
59.74	8978
59.75	8980
59.76	8981
59.77	8982
59.78	8983
59.79	8985
59.8	8986
59.81	8987
59.82	8989
59.83	8990
59.84	8991
59.85	8993
59.86	8994
59.87	8995
59.88	8996
59.89	8998
59.9	8999
59.91	9000
59.92	9002
59.93	9003
59.94	9004
59.95	9006
59.96	9007
59.97	9008
59.98	9010
59.99	9011
60	9014
60.01	9015
60.02	9017
60.03	9018
60.04	9019
60.05	9021
60.06	9022
60.07	9023
60.08	9024
60.09	9026
60.1	9027
60.11	9028
60.12	9030
60.13	9031
60.14	9032
60.15	9033
60.16	9035
60.17	9036
60.18	9037
60.19	9039
60.2	9040
60.21	9041
60.22	9043
60.23	9044
60.24	9045
60.25	9046
60.26	9048
60.27	9049
60.28	9050
60.29	9052
60.3	9053
60.31	9054
60.32	9056
60.33	9057
60.34	9058
60.35	9060
60.36	9061
60.37	9063
60.38	9064
60.39	9065
60.4	9067
60.41	9068
60.42	9069
60.43	9071
60.44	9072
60.45	9073
60.46	9075
60.47	9076
60.48	9077
60.49	9079
60.5	9082
60.51	9083
60.52	9085
60.53	9086
60.54	9087
60.55	9089
60.56	9090
60.57	9091
60.58	9092
60.59	9094
60.6	9095
60.61	9096
60.62	9098
60.63	9099
60.64	9100
60.65	9102
60.66	9103
60.67	9104
60.68	9106
60.69	9107
60.7	9108
60.71	9109
60.72	9111
60.73	9112
60.74	9113
60.75	9115
60.76	9116
60.77	9117
60.78	9119
60.79	9120
60.8	9122
60.81	9123
60.82	9124
60.83	9126
60.84	9127
60.85	9128
60.86	9130
60.87	9131
60.88	9132
60.89	9134
60.9	9135
60.91	9136
60.92	9138
60.93	9139
60.94	9140
60.95	9142
60.96	9143
60.97	9144
60.98	9146
60.99	9147
61	9150
61.01	9151
61.02	9153
61.03	9154
61.04	9155
61.05	9157
61.06	9158
61.07	9159
61.08	9161
61.09	9162
61.1	9163
61.11	9165
61.12	9166
61.13	9167
61.14	9168
61.15	9170
61.16	9171
61.17	9172
61.18	9174
61.19	9175
61.2	9176
61.21	9178
61.22	9179
61.23	9180
61.24	9181
61.25	9183
61.26	9184
61.27	9185
61.28	9187
61.29	9188
61.3	9189
61.31	9190
61.32	9192
61.33	9193
61.34	9194
61.35	9196
61.36	9197
61.37	9198
61.38	9200
61.39	9201
61.4	9202
61.41	9203
61.42	9205
61.43	9206
61.44	9207
61.45	9209
61.46	9210
61.47	9211
61.48	9213
61.49	9214
61.5	9217
61.51	9221
61.52	9222
61.53	9223
61.54	9224
61.55	9226
61.56	9227
61.57	9228
61.58	9230
61.59	9231
61.6	9233
61.61	9234
61.62	9235
61.63	9237
61.64	9238
61.65	9239
61.66	9240
61.67	9242
61.68	9243
61.69	9245
61.7	9246
61.71	9247
61.72	9249
61.73	9250
61.74	9251
61.75	9252
61.76	9254
61.77	9255
61.78	9256
61.79	9258
61.8	9259
61.81	9260
61.82	9262
61.83	9263
61.84	9264
61.85	9266
61.86	9267
61.87	9268
61.88	9270
61.89	9271
61.9	9272
61.91	9273
61.92	9275
61.93	9276
61.94	9277
61.95	9279
61.96	9280
61.97	9281
61.98	9283
61.99	9284
62	9287
62.01	9289
62.02	9290
62.03	9291
62.04	9293
62.05	9294
62.06	9295
62.07	9297
62.08	9298
62.09	9299
62.1	9301
62.11	9302
62.12	9303
62.13	9304
62.14	9306
62.15	9307
62.16	9308
62.17	9310
62.18	9311
62.19	9312
62.2	9314
62.21	9315
62.22	9316
62.23	9318
62.24	9319
62.25	9320
62.26	9321
62.27	9323
62.28	9324
62.29	9325
62.3	9327
62.31	9328
62.32	9329
62.33	9330
62.34	9332
62.35	9333
62.36	9334
62.37	9336
62.38	9337
62.39	9338
62.4	9339
62.41	9341
62.42	9342
62.43	9343
62.44	9345
62.45	9346
62.46	9347
62.47	9349
62.48	9350
62.49	9351
62.5	9359
62.51	9362
62.52	9363
62.53	9364
62.54	9366
62.55	9367
62.56	9368
62.57	9370
62.58	9371
62.59	9372
62.6	9374
62.61	9375
62.62	9377
62.63	9378
62.64	9379
62.65	9381
62.66	9382
62.67	9383
62.68	9384
62.69	9386
62.7	9387
62.71	9388
62.72	9390
62.73	9391
62.74	9392
62.75	9393
62.76	9395
62.77	9396
62.78	9397
62.79	9399
62.8	9400
62.81	9401
62.82	9402
62.83	9404
62.84	9405
62.85	9406
62.86	9408
62.87	9409
62.88	9410
62.89	9412
62.9	9413
62.91	9414
62.92	9416
62.93	9417
62.94	9418
62.95	9420
62.96	9421
62.97	9422
62.98	9424
62.99	9425
63	9428
63.01	9430
63.02	9431
63.03	9432
63.04	9434
63.05	9435
63.06	9436
63.07	9438
63.08	9439
63.09	9440
63.1	9442
63.11	9443
63.12	9444
63.13	9446
63.14	9447
63.15	9448
63.16	9450
63.17	9451
63.18	9452
63.19	9454
63.2	9455
63.21	9456
63.22	9457
63.23	9459
63.24	9460
63.25	9461
63.26	9463
63.27	9464
63.28	9466
63.29	9467
63.3	9468
63.31	9470
63.32	9471
63.33	9472
63.34	9474
63.35	9475
63.36	9476
63.37	9478
63.38	9479
63.39	9480
63.4	9482
63.41	9483
63.42	9484
63.43	9486
63.44	9487
63.45	9489
63.46	9490
63.47	9491
63.48	9493
63.49	9494
63.5	9497
63.51	9499
63.52	9500
63.53	9501
63.54	9503
63.55	9504
63.56	9505
63.57	9507
63.58	9508
63.59	9509
63.6	9511
63.61	9512
63.62	9513
63.63	9515
63.64	9516
63.65	9517
63.66	9519
63.67	9520
63.68	9521
63.69	9522
63.7	9524
63.71	9525
63.72	9526
63.73	9528
63.74	9529
63.75	9530
63.76	9532
63.77	9533
63.78	9534
63.79	9536
63.8	9537
63.81	9538
63.82	9539
63.83	9541
63.84	9542
63.85	9543
63.86	9545
63.87	9546
63.88	9547
63.89	9549
63.9	9550
63.91	9551
63.92	9552
63.93	9554
63.94	9555
63.95	9556
63.96	9557
63.97	9559
63.98	9560
63.99	9561
64	9565
