0.00119904	11
0.00263651	3
0.00436346	12
0.00643726	8
0.00893	7
0.0119243	6
0.0159622	5
0.02	5
0.0248485	4
0.029899	4
0.0349495	3
0.04	4
0.0460526	6
0.0530263	5
0.06	6
0.07	4
0.08	3
0.09	4
0.1	4
0.11	4
0.12	4
0.13	4
0.14	4
0.15	4
0.16	4
0.17	6
0.18	6
0.19	6
0.2	6
0.21	6
0.22	4
0.23	6
0.24	4
0.25	4
0.26	6
0.27	6
0.28	4
0.29	4
0.3	6
0.31	6
0.32	6
0.33	6
0.34	6
0.35	6
0.36	6
0.37	4
0.38	4
0.39	4
0.4	4
0.41	4
0.42	4
0.43	6
0.44	5
0.45	6
0.46	5
0.47	6
0.48	6
0.49	5
0.5	4
0.51	4
0.52	5
0.53	5
0.54	5
0.55	5
0.56	5
0.57	4
0.58	5
0.59	5
0.6	4
0.61	5
0.62	4
0.63	4
0.64	5
0.65	5
0.66	6
0.67	5
0.68	5
0.69	4
0.7	4
0.71	6
0.72	4
0.73	6
0.74	6
0.75	6
0.76	6
0.77	5
0.78	5
0.79	5
0.8	5
0.81	5
0.82	5
0.83	5
0.84	5
0.85	5
0.86	5
0.87	4
0.88	4
0.89	4
0.9	5
0.91	4
0.92	5
0.93	5
0.94	5
0.95	5
0.96	5
0.97	5
0.98	4
0.99	4
1	4
1.01	4
1.02	4
1.03	4
1.04	4
1.05	4
1.06	4
1.07	4
1.08	5
1.09	5
1.1	4
1.11	4
1.12	5
1.13	5
1.14	5
1.15	4
1.16	5
1.17	4
1.18	5
1.19	4
1.2	4
1.21	4
1.22	4
1.23	4
1.24	4
1.25	4
1.26	4
1.27	4
1.28	4
1.29	4
1.3	4
1.31	4
1.32	4
1.33	4
1.34	4
1.35	5
1.36	5
1.37	5
1.38	5
1.39	5
1.4	5
1.41	5
1.42	5
1.43	5
1.44	5
1.45	5
1.46	6
1.47	5
1.48	5
1.49	5
1.5	5
1.51	5
1.52	5
1.53	5
1.54	5
1.55	5
1.56	5
1.57	4
1.58	5
1.59	4
1.6	5
1.61	4
1.62	4
1.63	4
1.64	4
1.65	4
1.66	4
1.67	4
1.68	4
1.69	4
1.7	5
1.71	4
1.72	4
1.73	4
1.74	4
1.75	4
1.76	4
1.77	5
1.78	6
1.79	5
1.8	4
1.81	5
1.82	5
1.83	5
1.84	5
1.85	5
1.86	5
1.87	5
1.88	5
1.89	5
1.9	5
1.91	5
1.92	5
1.93	5
1.94	5
1.95	5
1.96	5
1.97	5
1.98	5
1.99	5
2	5
2.01	4
2.02	4
2.03	4
2.04	4
2.05	4
2.06	4
2.07	4
2.08	4
2.09	5
2.1	6
2.11	5
2.12	5
2.13	5
2.14	5
2.15	5
2.16	5
2.17	5
2.18	5
2.19	5
2.2	5
2.21	5
2.22	5
2.23	6
2.24	4
2.25	4
2.26	4
2.27	4
2.28	4
2.29	6
2.3	6
2.31	4
2.32	4
2.33	4
2.34	4
2.35	4
2.36	4
2.37	4
2.38	4
2.39	6
2.4	7
2.41	6
2.42	6
2.43	6
2.44	5
2.45	7
2.46	6
2.47	6
2.48	7
2.49	5
2.5	5
2.51	4
2.52	4
2.53	5
2.54	5
2.55	6
2.56	5
2.57	5
2.58	5
2.59	7
2.6	6
2.61	7
2.62	7
2.63	7
2.64	6
2.65	6
2.66	6
2.67	6
2.68	7
2.69	6
2.7	6
2.71	6
2.72	6
2.73	6
2.74	4
2.75	6
2.76	4
2.77	6
2.78	7
2.79	6
2.8	6
2.81	7
2.82	6
2.83	6
2.84	8
2.85	6
2.86	6
2.87	6
2.88	6
2.89	7
2.9	6
2.91	6
2.92	6
2.93	5
2.94	7
2.95	6
2.96	7
2.97	6
2.98	7
2.99	6
3	6
3.01	6
3.02	6
3.03	6
3.04	6
3.05	6
3.06	6
3.07	6
3.08	6
3.09	5
3.1	6
3.11	5
3.12	5
3.13	6
3.14	6
3.15	6
3.16	6
3.17	6
3.18	5
3.19	5
3.2	6
3.21	6
3.22	6
3.23	6
3.24	5
3.25	5
3.26	6
3.27	6
3.28	5
3.29	5
3.3	5
3.31	7
3.32	5
3.33	6
3.34	7
3.35	5
3.36	5
3.37	6
3.38	6
3.39	6
3.4	6
3.41	6
3.42	6
3.43	6
3.44	6
3.45	8
3.46	6
3.47	6
3.48	6
3.49	8
3.5	6
3.51	6
3.52	6
3.53	6
3.54	6
3.55	6
3.56	6
3.57	8
3.58	6
3.59	6
3.6	6
3.61	6
3.62	6
3.63	7
3.64	8
3.65	6
3.66	6
3.67	6
3.68	6
3.69	6
3.7	6
3.71	6
3.72	6
3.73	6
3.74	6
3.75	6
3.76	6
3.77	6
3.78	6
3.79	6
3.8	6
3.81	6
3.82	6
3.83	6
3.84	6
3.85	6
3.86	6
3.87	6
3.88	6
3.89	6
3.9	6
3.91	6
3.92	6
3.93	6
3.94	6
3.95	4
3.96	4
3.97	4
3.98	4
3.99	4
4	4
4.01	4
4.02	4
4.03	6
4.04	6
4.05	6
4.06	6
4.07	6
4.08	6
4.09	6
4.1	6
4.11	6
4.12	6
4.13	6
4.14	6
4.15	6
4.16	6
4.17	6
4.18	6
4.19	6
4.2	6
4.21	6
4.22	6
4.23	6
4.24	6
4.25	6
4.26	6
4.27	6
4.28	6
4.29	6
4.3	6
4.31	6
4.32	4
4.33	6
4.34	6
4.35	6
4.36	6
4.37	6
4.38	6
4.39	6
4.4	6
4.41	6
4.42	6
4.43	6
4.44	6
4.45	8
4.46	5
4.47	4
4.48	4
4.49	6
4.5	5
4.51	5
4.52	6
4.53	6
4.54	6
4.55	6
4.56	6
4.57	8
4.58	6
4.59	6
4.6	4
4.61	6
4.62	6
4.63	4
4.64	6
4.65	4
4.66	4
4.67	6
4.68	6
4.69	6
4.7	6
4.71	4
4.72	4
4.73	4
4.74	4
4.75	4
4.76	4
4.77	6
4.78	6
4.79	7
4.8	6
4.81	4
4.82	4
4.83	4
4.84	4
4.85	4
4.86	4
4.87	4
4.88	4
4.89	4
4.9	4
4.91	4
4.92	6
4.93	4
4.94	4
4.95	4
4.96	4
4.97	4
4.98	4
4.99	4
5	4
5.01	6
5.02	6
5.03	6
5.04	6
5.05	6
5.06	6
5.07	4
5.08	4
5.09	4
5.1	4
5.11	4
5.12	4
5.13	4
5.14	4
5.15	4
5.16	4
5.17	4
5.18	4
5.19	4
5.2	4
5.21	4
5.22	4
5.23	4
5.24	4
5.25	4
5.26	4
5.27	4
5.28	4
5.29	4
5.3	4
5.31	4
5.32	4
5.33	4
5.34	4
5.35	4
5.36	4
5.37	4
5.38	4
5.39	4
5.4	6
5.41	6
5.42	6
5.43	6
5.44	6
5.45	6
5.46	6
5.47	6
5.48	6
5.49	6
5.5	6
5.51	6
5.52	6
5.53	6
5.54	6
5.55	6
5.56	6
5.57	6
5.58	6
5.59	6
5.6	6
5.61	6
5.62	6
5.63	6
5.64	6
5.65	6
5.66	6
5.67	5
5.68	4
5.69	7
5.7	7
5.71	6
5.72	6
5.73	6
5.74	6
5.75	7
5.76	6
5.77	4
5.78	8
5.79	6
5.8	6
5.81	6
5.82	6
5.83	6
5.84	6
5.85	6
5.86	6
5.87	4
5.88	4
5.89	4
5.9	6
5.91	6
5.92	6
5.93	6
5.94	6
5.95	6
5.96	6
5.97	6
5.98	6
5.99	6
6	6
6.01	6
6.02	6
6.03	6
6.04	6
6.05	6
6.06	6
6.07	6
6.08	6
6.09	6
6.1	6
6.11	6
6.12	6
6.13	6
6.14	6
6.15	6
6.16	6
6.17	6
6.18	6
6.19	6
6.2	6
6.21	6
6.22	6
6.23	6
6.24	4
6.25	4
6.26	4
6.27	4
6.28	6
6.29	6
6.3	6
6.31	6
6.32	6
6.33	6
6.34	4
6.35	4
6.36	6
6.37	6
6.38	6
6.39	6
6.4	6
6.41	6
6.42	6
6.43	6
6.44	6
6.45	8
6.46	6
6.47	8
6.48	6
6.49	6
6.5	8
6.51	6
6.52	6
6.53	6
6.54	7
6.55	7
6.56	7
6.57	6
6.58	8
6.59	6
6.6	6
6.61	6
6.62	6
6.63	7
6.64	6
6.65	6
6.66	6
6.67	6
6.68	6
6.69	6
6.7	6
6.71	6
6.72	7
6.73	7
6.74	6
6.75	6
6.76	6
6.77	6
6.78	6
6.79	6
6.8	6
6.81	6
6.82	6
6.83	6
6.84	7
6.85	7
6.86	4
6.87	6
6.88	7
6.89	7
6.9	6
6.91	7
6.92	7
6.93	7
6.94	5
6.95	5
6.96	6
6.97	6
6.98	7
6.99	6
7	7
7.01	6
7.02	7
7.03	6
7.04	5
7.05	7
7.06	6
7.07	6
7.08	6
7.09	6
7.1	6
7.11	6
7.12	6
7.13	6
7.14	6
7.15	6
7.16	5
7.17	6
7.18	6
7.19	6
7.2	6
7.21	7
7.22	6
7.23	6
7.24	7
7.25	7
7.26	7
7.27	6
7.28	7
7.29	6
7.3	7
7.31	7
7.32	7
7.33	6
7.34	6
7.35	6
7.36	6
7.37	6
7.38	6
7.39	4
7.4	4
7.41	4
7.42	6
7.43	6
7.44	6
7.45	6
7.46	7
7.47	7
7.48	7
7.49	7
7.5	7
7.51	7
7.52	7
7.53	7
7.54	7
7.55	7
7.56	7
7.57	7
7.58	6
7.59	4
7.6	4
7.61	7
7.62	7
7.63	6
7.64	6
7.65	6
7.66	4
7.67	4
7.68	4
7.69	4
7.7	4
7.71	4
7.72	4
7.73	4
7.74	4
7.75	4
7.76	4
7.77	4
7.78	4
7.79	4
7.8	4
7.81	4
7.82	4
7.83	4
7.84	4
7.85	6
7.86	6
7.87	6
7.88	6
7.89	6
7.9	6
7.91	6
7.92	6
7.93	6
7.94	6
7.95	6
7.96	6
7.97	6
7.98	6
7.99	8
8	7
8.01	7
8.02	7
8.03	7
8.04	4
8.05	6
8.06	6
8.07	5
8.08	5
8.09	5
8.1	6
8.11	4
8.12	7
8.13	7
8.14	7
8.15	6
8.16	6
8.17	6
8.18	6
8.19	6
8.2	6
8.21	6
8.22	6
8.23	6
8.24	6
8.25	6
8.26	6
8.27	6
8.28	6
8.29	6
8.3	7
8.31	7
8.32	4
8.33	6
8.34	6
8.35	7
8.36	7
8.37	7
8.38	6
8.39	4
8.4	4
8.41	4
8.42	4
8.43	4
8.44	4
8.45	6
8.46	6
8.47	6
8.48	7
8.49	6
8.5	7
8.51	6
8.52	7
8.53	7
8.54	7
8.55	6
8.56	6
8.57	6
8.58	6
8.59	6
8.6	6
8.61	6
8.62	6
8.63	6
8.64	6
8.65	7
8.66	8
8.67	6
8.68	6
8.69	6
8.7	6
8.71	4
8.72	4
8.73	8
8.74	6
8.75	6
8.76	6
8.77	6
8.78	6
8.79	6
8.8	6
8.81	6
8.82	6
8.83	4
8.84	4
8.85	4
8.86	6
8.87	6
8.88	6
8.89	6
8.9	6
8.91	6
8.92	6
8.93	6
8.94	6
8.95	6
8.96	6
8.97	6
8.98	6
8.99	6
9	6
9.01	6
9.02	6
9.03	8
9.04	6
9.05	6
9.06	6
9.07	6
9.08	7
9.09	7
9.1	6
9.11	6
9.12	6
9.13	6
9.14	6
9.15	8
9.16	8
9.17	6
9.18	6
9.19	7
9.2	7
9.21	6
9.22	6
9.23	6
9.24	6
9.25	6
9.26	6
9.27	6
9.28	6
9.29	6
9.3	6
9.31	6
9.32	6
9.33	6
9.34	5
9.35	5
9.36	5
9.37	5
9.38	5
9.39	5
9.4	5
9.41	5
9.42	6
9.43	6
9.44	6
9.45	6
9.46	5
9.47	5
9.48	5
9.49	5
9.5	5
9.51	5
9.52	5
9.53	5
9.54	5
9.55	5
9.56	5
9.57	5
9.58	5
9.59	5
9.6	5
9.61	5
9.62	5
9.63	5
9.64	6
9.65	6
9.66	6
9.67	6
9.68	4
9.69	6
9.7	6
9.71	4
9.72	4
9.73	6
9.74	6
9.75	6
9.76	6
9.77	6
9.78	6
9.79	6
9.8	6
9.81	6
9.82	6
9.83	6
9.84	6
9.85	6
9.86	6
9.87	6
9.88	7
9.89	5
9.9	5
9.91	5
9.92	5
9.93	5
9.94	5
9.95	5
9.96	5
9.97	5
9.98	5
9.99	6
10	6
10.01	6
10.02	6
10.03	6
10.04	6
10.05	5
10.06	6
10.07	5
10.08	5
10.09	5
10.1	5
10.11	5
10.12	5
10.13	5
10.14	5
10.15	5
10.16	5
10.17	5
10.18	5
10.19	5
10.2	5
10.21	5
10.22	5
10.23	5
10.24	7
10.25	6
10.26	6
10.27	6
10.28	6
10.29	6
10.3	6
10.31	6
10.32	6
10.33	6
10.34	6
10.35	6
10.36	6
10.37	6
10.38	8
10.39	5
10.4	6
10.41	6
10.42	7
10.43	6
10.44	6
10.45	7
10.46	6
10.47	7
10.48	7
10.49	7
10.5	6
10.51	6
10.52	6
10.53	6
10.54	6
10.55	6
10.56	6
10.57	6
10.58	6
10.59	6
10.6	6
10.61	6
10.62	6
10.63	6
10.64	6
10.65	7
10.66	6
10.67	6
10.68	5
10.69	7
10.7	6
10.71	6
10.72	6
10.73	6
10.74	6
10.75	6
10.76	6
10.77	6
10.78	6
10.79	6
10.8	6
10.81	6
10.82	6
10.83	6
10.84	6
10.85	6
10.86	6
10.87	6
10.88	6
10.89	6
10.9	6
10.91	6
10.92	6
10.93	7
10.94	7
10.95	6
10.96	6
10.97	6
10.98	6
10.99	7
11	6
11.01	6
11.02	6
11.03	6
11.04	6
11.05	6
11.06	6
11.07	6
11.08	6
11.09	6
11.1	6
11.11	7
11.12	5
11.13	7
11.14	7
11.15	6
11.16	6
11.17	6
11.18	6
11.19	6
11.2	6
11.21	6
11.22	6
11.23	6
11.24	7
11.25	5
11.26	5
11.27	5
11.28	5
11.29	5
11.3	5
11.31	5
11.32	5
11.33	5
11.34	6
11.35	6
11.36	8
11.37	6
11.38	7
11.39	6
11.4	6
11.41	6
11.42	6
11.43	6
11.44	6
11.45	6
11.46	6
11.47	6
11.48	6
11.49	6
11.5	7
11.51	8
11.52	7
11.53	6
11.54	8
11.55	6
11.56	6
11.57	6
11.58	6
11.59	6
11.6	7
11.61	6
11.62	6
11.63	6
11.64	5
11.65	8
11.66	6
11.67	6
11.68	6
11.69	6
11.7	6
11.71	6
11.72	6
11.73	6
11.74	6
11.75	6
11.76	6
11.77	6
11.78	6
11.79	6
11.8	6
11.81	6
11.82	6
11.83	6
11.84	6
11.85	6
11.86	6
11.87	6
11.88	6
11.89	6
11.9	6
11.91	6
11.92	6
11.93	6
11.94	6
11.95	6
11.96	6
11.97	6
11.98	6
11.99	6
12	6
12.01	6
12.02	6
12.03	6
12.04	6
12.05	6
12.06	6
12.07	6
12.08	6
12.09	6
12.1	6
12.11	6
12.12	6
12.13	6
12.14	6
12.15	6
12.16	6
12.17	6
12.18	6
12.19	6
12.2	6
12.21	6
12.22	6
12.23	6
12.24	6
12.25	6
12.26	6
12.27	6
12.28	6
12.29	6
12.3	6
12.31	6
12.32	6
12.33	6
12.34	6
12.35	6
12.36	6
12.37	6
12.38	6
12.39	6
12.4	6
12.41	8
12.42	8
12.43	8
12.44	8
12.45	7
12.46	6
12.47	6
12.48	6
12.49	7
12.5	8
12.51	7
12.52	7
12.53	6
12.54	6
12.55	6
12.56	6
12.57	6
12.58	6
12.59	6
12.6	6
12.61	4
12.62	6
12.63	6
12.64	6
12.65	6
12.66	6
12.67	6
12.68	6
12.69	6
12.7	4
12.71	4
12.72	4
12.73	4
12.74	6
12.75	6
12.76	8
12.77	7
12.78	6
12.79	6
12.8	6
12.81	6
12.82	6
12.83	4
12.84	4
12.85	4
12.86	4
12.87	6
12.88	6
12.89	6
12.9	6
12.91	6
12.92	6
12.93	6
12.94	6
12.95	6
12.96	4
12.97	6
12.98	6
12.99	6
13	6
13.01	6
13.02	8
13.03	6
13.04	6
13.05	6
13.06	6
13.07	6
13.08	6
13.09	6
13.1	6
13.11	6
13.12	6
13.13	6
13.14	6
13.15	6
13.16	6
13.17	6
13.18	6
13.19	6
13.2	6
13.21	6
13.22	6
13.23	4
13.24	4
13.25	4
13.26	6
13.27	6
13.28	6
13.29	4
13.3	6
13.31	6
13.32	6
13.33	6
13.34	6
13.35	6
13.36	6
13.37	6
13.38	6
13.39	6
13.4	6
13.41	6
13.42	6
13.43	6
13.44	6
13.45	6
13.46	6
13.47	6
13.48	6
13.49	6
13.5	6
13.51	6
13.52	6
13.53	6
13.54	8
13.55	8
13.56	6
13.57	6
13.58	6
13.59	6
13.6	6
13.61	6
13.62	6
13.63	6
13.64	6
13.65	8
13.66	7
13.67	5
13.68	6
13.69	7
13.7	6
13.71	6
13.72	6
13.73	6
13.74	6
13.75	6
13.76	6
13.77	6
13.78	6
13.79	6
13.8	6
13.81	6
13.82	6
13.83	6
13.84	6
13.85	6
13.86	6
13.87	6
13.88	6
13.89	6
13.9	6
13.91	6
13.92	6
13.93	6
13.94	6
13.95	6
13.96	6
13.97	6
13.98	6
13.99	6
14	6
14.01	6
14.02	6
14.03	6
14.04	6
14.05	6
14.06	6
14.07	6
14.08	6
14.09	6
14.1	6
14.11	6
14.12	6
14.13	6
14.14	6
14.15	6
14.16	6
14.17	6
14.18	6
14.19	6
14.2	6
14.21	6
14.22	6
14.23	6
14.24	6
14.25	6
14.26	6
14.27	6
14.28	6
14.29	6
14.3	6
14.31	6
14.32	6
14.33	6
14.34	6
14.35	6
14.36	6
14.37	6
14.38	6
14.39	6
14.4	6
14.41	6
14.42	6
14.43	6
14.44	6
14.45	8
14.46	8
14.47	8
14.48	8
14.49	8
14.5	8
14.51	6
14.52	6
14.53	6
14.54	6
14.55	6
14.56	8
14.57	6
14.58	6
14.59	6
14.6	7
14.61	6
14.62	8
14.63	6
14.64	7
14.65	6
14.66	6
14.67	6
14.68	6
14.69	6
14.7	6
14.71	6
14.72	7
14.73	5
14.74	7
14.75	7
14.76	7
14.77	5
14.78	7
14.79	6
14.8	6
14.81	6
14.82	6
14.83	6
14.84	6
14.85	7
14.86	5
14.87	8
14.88	6
14.89	6
14.9	7
14.91	6
14.92	8
14.93	7
14.94	6
14.95	7
14.96	6
14.97	7
14.98	6
14.99	7
15	7
15.01	8
15.02	6
15.03	6
15.04	7
15.05	8
15.06	6
15.07	6
15.08	6
15.09	6
15.1	6
15.11	7
15.12	7
15.13	7
15.14	6
15.15	6
15.16	6
15.17	6
15.18	6
15.19	6
15.2	6
15.21	8
15.22	7
15.23	6
15.24	7
15.25	7
15.26	7
15.27	7
15.28	7
15.29	6
15.3	7
15.31	7
15.32	7
15.33	7
15.34	6
15.35	6
15.36	6
15.37	6
15.38	6
15.39	6
15.4	6
15.41	6
15.42	6
15.43	6
15.44	6
15.45	6
15.46	6
15.47	7
15.48	7
15.49	7
15.5	7
15.51	7
15.52	7
15.53	7
15.54	7
15.55	7
15.56	7
15.57	7
15.58	6
15.59	4
15.6	4
15.61	4
15.62	7
15.63	7
15.64	6
15.65	6
15.66	4
15.67	4
15.68	4
15.69	4
15.7	4
15.71	4
15.72	4
15.73	4
15.74	4
15.75	4
15.76	4
15.77	4
15.78	4
15.79	4
15.8	4
15.81	4
15.82	4
15.83	4
15.84	6
15.85	6
15.86	6
15.87	6
15.88	6
15.89	6
15.9	6
15.91	6
15.92	6
15.93	6
15.94	6
15.95	6
15.96	6
15.97	6
15.98	6
15.99	6
16	6
16.01	6
16.02	6
16.03	6
16.04	4
16.05	6
16.06	6
16.07	9
16.08	7
16.09	7
16.1	6
16.11	6
16.12	7
16.13	7
16.14	8
16.15	8
16.16	6
16.17	6
16.18	6
16.19	6
16.2	6
16.21	6
16.22	6
16.23	6
16.24	6
16.25	6
16.26	6
16.27	6
16.28	6
16.29	6
16.3	6
16.31	8
16.32	7
16.33	6
16.34	6
16.35	6
16.36	6
16.37	6
16.38	6
16.39	6
16.4	4
16.41	4
16.42	4
16.43	4
16.44	4
16.45	6
16.46	6
16.47	6
16.48	7
16.49	7
16.5	6
16.51	7
16.52	6
16.53	7
16.54	6
16.55	8
16.56	6
16.57	6
16.58	6
16.59	6
16.6	6
16.61	6
16.62	6
16.63	6
16.64	6
16.65	8
16.66	6
16.67	6
16.68	6
16.69	6
16.7	6
16.71	6
16.72	6
16.73	6
16.74	6
16.75	6
16.76	6
16.77	6
16.78	6
16.79	6
16.8	6
16.81	6
16.82	6
16.83	6
16.84	6
16.85	6
16.86	6
16.87	6
16.88	6
16.89	6
16.9	6
16.91	6
16.92	6
16.93	6
16.94	6
16.95	6
16.96	6
16.97	6
16.98	6
16.99	6
17	6
17.01	6
17.02	6
17.03	6
17.04	6
17.05	6
17.06	6
17.07	6
17.08	8
17.09	8
17.1	7
17.11	6
17.12	6
17.13	6
17.14	6
17.15	6
17.16	6
17.17	6
17.18	6
17.19	6
17.2	7
17.21	7
17.22	6
17.23	6
17.24	6
17.25	6
17.26	6
17.27	6
17.28	6
17.29	6
17.3	6
17.31	6
17.32	6
17.33	6
17.34	6
17.35	7
17.36	5
17.37	5
17.38	5
17.39	5
17.4	7
17.41	7
17.42	5
17.43	6
17.44	6
17.45	6
17.46	6
17.47	5
17.48	7
17.49	7
17.5	7
17.51	7
17.52	7
17.53	7
17.54	5
17.55	5
17.56	5
17.57	5
17.58	5
17.59	5
17.6	5
17.61	5
17.62	5
17.63	5
17.64	5
17.65	7
17.66	6
17.67	6
17.68	6
17.69	6
17.7	6
17.71	6
17.72	6
17.73	6
17.74	6
17.75	6
17.76	6
17.77	6
17.78	6
17.79	6
17.8	6
17.81	6
17.82	6
17.83	6
17.84	6
17.85	6
17.86	6
17.87	6
17.88	6
17.89	7
17.9	7
17.91	5
17.92	5
17.93	5
17.94	5
17.95	5
17.96	6
17.97	6
17.98	7
17.99	5
18	6
18.01	7
18.02	7
18.03	6
18.04	6
18.05	7
18.06	6
18.07	5
18.08	5
18.09	7
18.1	7
18.11	7
18.12	5
18.13	7
18.14	7
18.15	5
18.16	5
18.17	5
18.18	5
18.19	5
18.2	5
18.21	5
18.22	7
18.23	7
18.24	6
18.25	6
18.26	6
18.27	6
18.28	6
18.29	6
18.3	6
18.31	6
18.32	6
18.33	8
18.34	6
18.35	6
18.36	6
18.37	6
18.38	6
18.39	7
18.4	6
18.41	6
18.42	7
18.43	6
18.44	7
18.45	7
18.46	6
18.47	7
18.48	7
18.49	7
18.5	6
18.51	6
18.52	6
18.53	6
18.54	6
18.55	6
18.56	6
18.57	6
18.58	6
18.59	6
18.6	6
18.61	6
18.62	6
18.63	6
18.64	6
18.65	7
18.66	6
18.67	6
18.68	6
18.69	8
18.7	6
18.71	6
18.72	6
18.73	6
18.74	6
18.75	6
18.76	6
18.77	6
18.78	6
18.79	6
18.8	6
18.81	6
18.82	6
18.83	8
18.84	6
18.85	6
18.86	6
18.87	6
18.88	6
18.89	6
18.9	6
18.91	6
18.92	6
18.93	6
18.94	7
18.95	7
18.96	6
18.97	8
18.98	6
18.99	6
19	7
19.01	6
19.02	7
19.03	6
19.04	6
19.05	6
19.06	6
19.07	6
19.08	6
19.09	6
19.1	6
19.11	7
19.12	5
19.13	7
19.14	7
19.15	7
19.16	7
19.17	8
19.18	6
19.19	6
19.2	6
19.21	6
19.22	6
19.23	6
19.24	8
19.25	5
19.26	5
19.27	5
19.28	5
19.29	5
19.3	5
19.31	5
19.32	5
19.33	5
19.34	7
19.35	8
19.36	6
19.37	7
19.38	6
19.39	6
19.4	7
19.41	7
19.42	8
19.43	6
19.44	6
19.45	6
19.46	6
19.47	6
19.48	6
19.49	6
19.5	7
19.51	8
19.52	8
19.53	7
19.54	6
19.55	6
19.56	6
19.57	7
19.58	6
19.59	6
19.6	6
19.61	8
19.62	6
19.63	7
19.64	5
19.65	5
19.66	6
19.67	6
19.68	6
19.69	6
19.7	6
19.71	6
19.72	6
19.73	6
19.74	6
19.75	6
19.76	6
19.77	6
19.78	6
19.79	8
19.8	8
19.81	8
19.82	6
19.83	6
19.84	6
19.85	6
19.86	6
19.87	6
19.88	6
19.89	6
19.9	6
19.91	6
19.92	6
19.93	6
19.94	6
19.95	6
19.96	6
19.97	6
19.98	6
19.99	6
20	6
20.01	6
20.02	6
20.03	6
20.04	6
20.05	6
20.06	6
20.07	6
20.08	6
20.09	6
20.1	6
20.11	6
20.12	6
20.13	6
20.14	6
20.15	6
20.16	6
20.17	6
20.18	6
20.19	6
20.2	6
20.21	6
20.22	6
20.23	6
20.24	6
20.25	6
20.26	6
20.27	6
20.28	6
20.29	6
20.3	6
20.31	6
20.32	6
20.33	6
20.34	6
20.35	6
20.36	6
20.37	6
20.38	6
20.39	6
20.4	8
20.41	8
20.42	8
20.43	8
20.44	8
20.45	8
20.46	6
20.47	6
20.48	6
20.49	6
20.5	6
20.51	6
20.52	8
20.53	6
20.54	6
20.55	6
20.56	6
20.57	6
20.58	8
20.59	8
20.6	6
20.61	6
20.62	8
20.63	6
20.64	6
20.65	6
20.66	6
20.67	6
20.68	6
20.69	6
20.7	4
20.71	4
20.72	4
20.73	6
20.74	6
20.75	6
20.76	6
20.77	7
20.78	7
20.79	7
20.8	6
20.81	6
20.82	6
20.83	4
20.84	4
20.85	6
20.86	6
20.87	6
20.88	6
20.89	6
20.9	6
20.91	6
20.92	6
20.93	6
20.94	6
20.95	6
20.96	6
20.97	6
20.98	6
20.99	6
21	6
21.01	6
21.02	6
21.03	6
21.04	6
21.05	6
21.06	6
21.07	6
21.08	6
21.09	6
21.1	6
21.11	6
21.12	6
21.13	6
21.14	6
21.15	6
21.16	6
21.17	6
21.18	6
21.19	6
21.2	6
21.21	6
21.22	6
21.23	6
21.24	6
21.25	6
21.26	6
21.27	6
21.28	6
21.29	6
21.3	6
21.31	6
21.32	6
21.33	6
21.34	6
21.35	6
21.36	6
21.37	6
21.38	6
21.39	6
21.4	6
21.41	6
21.42	6
21.43	6
21.44	6
21.45	6
21.46	6
21.47	6
21.48	6
21.49	6
21.5	6
21.51	6
21.52	6
21.53	6
21.54	8
21.55	8
21.56	8
21.57	6
21.58	6
21.59	6
21.6	6
21.61	6
21.62	6
21.63	6
21.64	6
21.65	8
21.66	7
21.67	5
21.68	5
21.69	7
21.7	6
21.71	6
21.72	6
21.73	6
21.74	6
21.75	6
21.76	7
21.77	7
21.78	6
21.79	8
21.8	6
21.81	6
21.82	6
21.83	6
21.84	6
21.85	6
21.86	6
21.87	6
21.88	6
21.89	6
21.9	6
21.91	6
21.92	6
21.93	6
21.94	6
21.95	6
21.96	6
21.97	6
21.98	6
21.99	6
22	6
22.01	6
22.02	6
22.03	6
22.04	6
22.05	6
22.06	6
22.07	6
22.08	6
22.09	6
22.1	6
22.11	6
22.12	6
22.13	6
22.14	6
22.15	6
22.16	6
22.17	6
22.18	6
22.19	6
22.2	6
22.21	6
22.22	6
22.23	6
22.24	6
22.25	6
22.26	6
22.27	6
22.28	6
22.29	6
22.3	6
22.31	6
22.32	6
22.33	6
22.34	6
22.35	6
22.36	6
22.37	6
22.38	6
22.39	6
22.4	6
22.41	6
22.42	6
22.43	6
22.44	6
22.45	6
22.46	8
22.47	8
22.48	8
22.49	8
22.5	8
22.51	6
22.52	6
22.53	6
22.54	6
22.55	6
22.56	6
22.57	8
22.58	6
22.59	8
22.6	9
22.61	6
22.62	9
22.63	6
22.64	7
22.65	6
22.66	6
22.67	6
22.68	6
22.69	7
22.7	7
22.71	7
22.72	7
22.73	7
22.74	7
22.75	5
22.76	7
22.77	7
22.78	5
22.79	5
22.8	6
22.81	6
22.82	6
22.83	6
22.84	6
22.85	6
22.86	5
22.87	6
22.88	6
22.89	5
22.9	6
22.91	5
22.92	7
22.93	6
22.94	6
22.95	8
22.96	6
22.97	6
22.98	6
22.99	7
23	6
23.01	6
23.02	8
23.03	6
23.04	5
23.05	6
23.06	6
23.07	6
23.08	6
23.09	5
23.1	5
23.11	5
23.12	5
23.13	5
23.14	5
23.15	5
23.16	5
23.17	5
23.18	6
23.19	6
23.2	6
23.21	6
23.22	7
23.23	6
23.24	7
23.25	7
23.26	7
23.27	7
23.28	7
23.29	6
23.3	7
23.31	7
23.32	6
23.33	6
23.34	6
23.35	6
23.36	6
23.37	6
23.38	6
23.39	6
23.4	6
23.41	6
23.42	6
23.43	6
23.44	6
23.45	6
23.46	6
23.47	7
23.48	7
23.49	7
23.5	6
23.51	6
23.52	7
23.53	7
23.54	7
23.55	7
23.56	7
23.57	7
23.58	7
23.59	6
23.6	4
23.61	4
23.62	7
23.63	7
23.64	6
23.65	6
23.66	6
23.67	4
23.68	4
23.69	4
23.7	4
23.71	4
23.72	4
23.73	4
23.74	4
23.75	4
23.76	4
23.77	4
23.78	4
23.79	4
23.8	4
23.81	4
23.82	4
23.83	4
23.84	6
23.85	6
23.86	6
23.87	6
23.88	6
23.89	6
23.9	6
23.91	6
23.92	6
23.93	6
23.94	6
23.95	6
23.96	6
23.97	6
23.98	6
23.99	6
24	6
24.01	6
24.02	6
24.03	9
24.04	8
24.05	6
24.06	6
24.07	6
24.08	6
24.09	7
24.1	7
24.11	6
24.12	7
24.13	7
24.14	8
24.15	8
24.16	6
24.17	6
24.18	6
24.19	6
24.2	6
24.21	6
24.22	6
24.23	6
24.24	6
24.25	6
24.26	6
24.27	6
24.28	6
24.29	6
24.3	6
24.31	8
24.32	7
24.33	6
24.34	6
24.35	8
24.36	6
24.37	6
24.38	7
24.39	6
24.4	6
24.41	4
24.42	4
24.43	4
24.44	4
24.45	4
24.46	6
24.47	6
24.48	8
24.49	6
24.5	7
24.51	7
24.52	7
24.53	6
24.54	6
24.55	8
24.56	6
24.57	6
24.58	6
24.59	6
24.6	6
24.61	6
24.62	6
24.63	8
24.64	6
24.65	6
24.66	6
24.67	8
24.68	6
24.69	6
24.7	6
24.71	6
24.72	6
24.73	6
24.74	8
24.75	6
24.76	6
24.77	6
24.78	6
24.79	6
24.8	6
24.81	6
24.82	6
24.83	6
24.84	6
24.85	6
24.86	6
24.87	7
24.88	7
24.89	7
24.9	7
24.91	7
24.92	7
24.93	7
24.94	7
24.95	8
24.96	8
24.97	8
24.98	6
24.99	6
25	6
25.01	6
25.02	6
25.03	6
25.04	8
25.05	6
25.06	6
25.07	8
25.08	8
25.09	8
25.1	8
25.11	8
25.12	6
25.13	6
25.14	6
25.15	6
25.16	8
25.17	6
25.18	6
25.19	8
25.2	7
25.21	5
25.22	6
25.23	6
25.24	6
25.25	6
25.26	6
25.27	6
25.28	6
25.29	6
25.3	6
25.31	6
25.32	6
25.33	6
25.34	7
25.35	5
25.36	5
25.37	5
25.38	5
25.39	5
25.4	7
25.41	6
25.42	6
25.43	6
25.44	6
25.45	6
25.46	6
25.47	6
25.48	6
25.49	5
25.5	5
25.51	5
25.52	5
25.53	5
25.54	5
25.55	5
25.56	5
25.57	5
25.58	5
25.59	5
25.6	5
25.61	5
25.62	5
25.63	5
25.64	5
25.65	7
25.66	6
25.67	6
25.68	6
25.69	6
25.7	6
25.71	6
25.72	6
25.73	6
25.74	6
25.75	6
25.76	6
25.77	6
25.78	8
25.79	6
25.8	8
25.81	7
25.82	7
25.83	7
25.84	7
25.85	5
25.86	7
25.87	7
25.88	5
25.89	5
25.9	5
25.91	5
25.92	5
25.93	5
25.94	7
25.95	7
25.96	5
25.97	5
25.98	5
25.99	5
26	5
26.01	5
26.02	7
26.03	6
26.04	6
26.05	6
26.06	7
26.07	7
26.08	7
26.09	5
26.1	5
26.11	5
26.12	5
26.13	5
26.14	5
26.15	5
26.16	5
26.17	5
26.18	5
26.19	5
26.2	5
26.21	5
26.22	5
26.23	5
26.24	7
26.25	7
26.26	7
26.27	7
26.28	7
26.29	6
26.3	6
26.31	7
26.32	6
26.33	6
26.34	6
26.35	6
26.36	6
26.37	6
26.38	6
26.39	8
26.4	5
26.41	6
26.42	8
26.43	6
26.44	6
26.45	6
26.46	6
26.47	7
26.48	6
26.49	6
26.5	7
26.51	6
26.52	6
26.53	6
26.54	6
26.55	6
26.56	6
26.57	6
26.58	6
26.59	6
26.6	6
26.61	6
26.62	6
26.63	6
26.64	6
26.65	6
26.66	6
26.67	8
26.68	6
26.69	5
26.7	6
26.71	6
26.72	6
26.73	6
26.74	6
26.75	6
26.76	6
26.77	6
26.78	6
26.79	6
26.8	6
26.81	6
26.82	5
26.83	6
26.84	6
26.85	6
26.86	6
26.87	6
26.88	6
26.89	6
26.9	6
26.91	6
26.92	6
26.93	6
26.94	8
26.95	7
26.96	7
26.97	6
26.98	6
26.99	6
27	7
27.01	6
27.02	8
27.03	6
27.04	6
27.05	6
27.06	6
27.07	6
27.08	6
27.09	6
27.1	8
27.11	7
27.12	5
27.13	5
27.14	7
27.15	7
27.16	7
27.17	7
27.18	8
27.19	6
27.2	6
27.21	6
27.22	6
27.23	6
27.24	7
27.25	5
27.26	5
27.27	5
27.28	5
27.29	5
27.3	5
27.31	5
27.32	5
27.33	5
27.34	5
27.35	7
27.36	6
27.37	7
27.38	6
27.39	6
27.4	6
27.41	7
27.42	7
27.43	6
27.44	6
27.45	8
27.46	8
27.47	6
27.48	6
27.49	6
27.5	7
27.51	8
27.52	8
27.53	7
27.54	6
27.55	6
27.56	6
27.57	6
27.58	6
27.59	8
27.6	6
27.61	9
27.62	6
27.63	6
27.64	5
27.65	5
27.66	6
27.67	6
27.68	6
27.69	6
27.7	6
27.71	6
27.72	6
27.73	6
27.74	6
27.75	6
27.76	6
27.77	6
27.78	6
27.79	6
27.8	6
27.81	6
27.82	6
27.83	6
27.84	6
27.85	6
27.86	6
27.87	6
27.88	6
27.89	6
27.9	6
27.91	6
27.92	6
27.93	6
27.94	6
27.95	6
27.96	6
27.97	6
27.98	6
27.99	6
28	8
28.01	7
28.02	7
28.03	7
28.04	7
28.05	7
28.06	8
28.07	6
28.08	6
28.09	6
28.1	6
28.11	6
28.12	6
28.13	6
28.14	6
28.15	6
28.16	6
28.17	6
28.18	6
28.19	6
28.2	6
28.21	6
28.22	6
28.23	6
28.24	6
28.25	6
28.26	6
28.27	6
28.28	6
28.29	6
28.3	6
28.31	6
28.32	6
28.33	6
28.34	6
28.35	6
28.36	6
28.37	6
28.38	6
28.39	6
28.4	6
28.41	8
28.42	8
28.43	8
28.44	8
28.45	8
28.46	6
28.47	6
28.48	6
28.49	6
28.5	6
28.51	6
28.52	6
28.53	6
28.54	6
28.55	6
28.56	6
28.57	6
28.58	6
28.59	6
28.6	6
28.61	6
28.62	6
28.63	6
28.64	6
28.65	6
28.66	6
28.67	6
28.68	6
28.69	6
28.7	4
28.71	4
28.72	4
28.73	6
28.74	6
28.75	6
28.76	6
28.77	7
28.78	6
28.79	6
28.8	7
28.81	6
28.82	6
28.83	6
28.84	6
28.85	6
28.86	6
28.87	6
28.88	6
28.89	6
28.9	6
28.91	6
28.92	6
28.93	6
28.94	6
28.95	6
28.96	6
28.97	6
28.98	6
28.99	6
29	6
29.01	6
29.02	6
29.03	6
29.04	6
29.05	6
29.06	6
29.07	6
29.08	6
29.09	6
29.1	6
29.11	6
29.12	6
29.13	6
29.14	6
29.15	6
29.16	6
29.17	7
29.18	7
29.19	7
29.2	7
29.21	6
29.22	6
29.23	6
29.24	6
29.25	6
29.26	6
29.27	6
29.28	6
29.29	6
29.3	6
29.31	6
29.32	6
29.33	6
29.34	6
29.35	6
29.36	6
29.37	6
29.38	6
29.39	6
29.4	6
29.41	6
29.42	6
29.43	6
29.44	6
29.45	6
29.46	6
29.47	6
29.48	6
29.49	6
29.5	6
29.51	6
29.52	6
29.53	6
29.54	6
29.55	8
29.56	7
29.57	6
29.58	6
29.59	6
29.6	6
29.61	6
29.62	6
29.63	6
29.64	6
29.65	6
29.66	8
29.67	7
29.68	6
29.69	7
29.7	8
29.71	6
29.72	6
29.73	6
29.74	6
29.75	6
29.76	6
29.77	8
29.78	6
29.79	7
29.8	6
29.81	6
29.82	6
29.83	6
29.84	6
29.85	6
29.86	6
29.87	6
29.88	6
29.89	6
29.9	6
29.91	6
29.92	6
29.93	6
29.94	6
29.95	6
29.96	6
29.97	6
29.98	6
29.99	6
30	6
30.01	6
30.02	6
30.03	6
30.04	6
30.05	6
30.06	6
30.07	6
30.08	6
30.09	6
30.1	6
30.11	6
30.12	6
30.13	6
30.14	6
30.15	6
30.16	6
30.17	6
30.18	6
30.19	6
30.2	6
30.21	6
30.22	6
30.23	6
30.24	6
30.25	6
30.26	6
30.27	6
30.28	6
30.29	6
30.3	6
30.31	6
30.32	6
30.33	6
30.34	6
30.35	6
30.36	6
30.37	6
30.38	6
30.39	6
30.4	6
30.41	6
30.42	6
30.43	6
30.44	6
30.45	6
30.46	6
30.47	6
30.48	6
30.49	6
30.5	6
30.51	5
30.52	5
30.53	6
30.54	6
30.55	6
30.56	6
30.57	6
30.58	6
30.59	6
30.6	6
30.61	6
30.62	6
30.63	6
30.64	7
30.65	6
30.66	6
30.67	6
30.68	6
30.69	6
30.7	7
30.71	7
30.72	7
30.73	7
30.74	5
30.75	5
30.76	5
30.77	5
30.78	5
30.79	5
30.8	7
30.81	6
30.82	6
30.83	6
30.84	6
30.85	6
30.86	5
30.87	6
30.88	6
30.89	6
30.9	7
30.91	5
30.92	8
30.93	6
30.94	6
30.95	6
30.96	5
30.97	6
30.98	6
30.99	6
31	8
31.01	7
31.02	6
31.03	6
31.04	5
31.05	8
31.06	6
31.07	6
31.08	6
31.09	7
31.1	5
31.11	5
31.12	5
31.13	5
31.14	6
31.15	6
31.16	5
31.17	5
31.18	7
31.19	6
31.2	6
31.21	6
31.22	7
31.23	6
31.24	6
31.25	7
31.26	7
31.27	7
31.28	7
31.29	7
31.3	7
31.31	7
31.32	6
31.33	6
31.34	6
31.35	6
31.36	6
31.37	6
31.38	6
31.39	6
31.4	6
31.41	6
31.42	6
31.43	6
31.44	6
31.45	6
31.46	6
31.47	7
31.48	7
31.49	7
31.5	7
31.51	7
31.52	7
31.53	7
31.54	7
31.55	7
31.56	7
31.57	7
31.58	7
31.59	6
31.6	4
31.61	4
31.62	4
31.63	7
31.64	7
31.65	6
31.66	6
31.67	4
31.68	4
31.69	4
31.7	4
31.71	4
31.72	4
31.73	6
31.74	4
31.75	6
31.76	4
31.77	4
31.78	4
31.79	4
31.8	4
31.81	4
31.82	4
31.83	4
31.84	4
31.85	6
31.86	6
31.87	6
31.88	6
31.89	6
31.9	6
31.91	6
31.92	6
31.93	6
31.94	6
31.95	6
31.96	6
31.97	6
31.98	6
31.99	6
32	6
32.01	6
32.02	6
32.03	6
32.04	6
32.05	6
32.06	6
32.07	6
32.08	8
32.09	7
32.1	7
32.11	6
32.12	4
32.13	7
32.14	6
32.15	6
32.16	6
32.17	6
32.18	6
32.19	6
32.2	6
32.21	6
32.22	6
32.23	6
32.24	6
32.25	6
32.26	6
32.27	6
32.28	6
32.29	6
32.3	6
32.31	6
32.32	6
32.33	6
32.34	6
32.35	6
32.36	8
32.37	6
32.38	7
32.39	6
32.4	6
32.41	4
32.42	4
32.43	4
32.44	4
32.45	4
32.46	6
32.47	6
32.48	6
32.49	6
32.5	7
32.51	7
32.52	6
32.53	6
32.54	8
32.55	7
32.56	6
32.57	6
32.58	6
32.59	6
32.6	6
32.61	6
32.62	6
32.63	8
32.64	6
32.65	6
32.66	6
32.67	6
32.68	6
32.69	6
32.7	6
32.71	6
32.72	6
32.73	6
32.74	6
32.75	7
32.76	6
32.77	8
32.78	6
32.79	6
32.8	6
32.81	6
32.82	6
32.83	8
32.84	6
32.85	6
32.86	8
32.87	8
32.88	8
32.89	7
32.9	7
32.91	7
32.92	7
32.93	5
32.94	7
32.95	7
32.96	7
32.97	7
32.98	8
32.99	6
33	6
33.01	6
33.02	6
33.03	6
33.04	7
33.05	8
33.06	6
33.07	8
33.08	7
33.09	7
33.1	7
33.11	7
33.12	8
33.13	7
33.14	6
33.15	6
33.16	8
33.17	6
33.18	6
33.19	6
33.2	7
33.21	5
33.22	6
33.23	6
33.24	6
33.25	6
33.26	6
33.27	6
33.28	6
33.29	6
33.3	6
33.31	6
33.32	6
33.33	6
33.34	7
33.35	7
33.36	5
33.37	5
33.38	5
33.39	5
33.4	5
33.41	5
33.42	5
33.43	6
33.44	6
33.45	6
33.46	6
33.47	6
33.48	5
33.49	5
33.5	5
33.51	5
33.52	5
33.53	5
33.54	5
33.55	5
33.56	5
33.57	5
33.58	5
33.59	5
33.6	5
33.61	5
33.62	5
33.63	5
33.64	5
33.65	5
33.66	5
33.67	7
33.68	6
33.69	6
33.7	6
33.71	6
33.72	6
33.73	6
33.74	6
33.75	8
33.76	8
33.77	7
33.78	7
33.79	7
33.8	7
33.81	7
33.82	7
33.83	7
33.84	5
33.85	5
33.86	5
33.87	5
33.88	5
33.89	5
33.9	5
33.91	5
33.92	5
33.93	5
33.94	5
33.95	5
33.96	5
33.97	5
33.98	5
33.99	5
34	5
34.01	5
34.02	5
34.03	5
34.04	5
34.05	7
34.06	7
34.07	5
34.08	5
34.09	5
34.1	5
34.11	5
34.12	5
34.13	5
34.14	5
34.15	5
34.16	5
34.17	5
34.18	5
34.19	5
34.2	5
34.21	5
34.22	5
34.23	5
34.24	5
34.25	5
34.26	7
34.27	7
34.28	7
34.29	6
34.3	6
34.31	7
34.32	7
34.33	6
34.34	6
34.35	6
34.36	6
34.37	6
34.38	6
34.39	6
34.4	5
34.41	7
34.42	6
34.43	7
34.44	6
34.45	8
34.46	6
34.47	8
34.48	6
34.49	6
34.5	8
34.51	6
34.52	6
34.53	6
34.54	6
34.55	7
34.56	5
34.57	5
34.58	7
34.59	6
34.6	6
34.61	6
34.62	6
34.63	6
34.64	6
34.65	6
34.66	6
34.67	8
34.68	6
34.69	6
34.7	6
34.71	6
34.72	6
34.73	6
34.74	7
34.75	7
34.76	6
34.77	6
34.78	6
34.79	6
34.8	6
34.81	6
34.82	6
34.83	6
34.84	6
34.85	6
34.86	6
34.87	6
34.88	6
34.89	6
34.9	6
34.91	6
34.92	6
34.93	6
34.94	8
34.95	8
34.96	8
34.97	6
34.98	6
34.99	6
35	7
35.01	6
35.02	8
35.03	6
35.04	6
35.05	6
35.06	6
35.07	6
35.08	6
35.09	6
35.1	6
35.11	7
35.12	5
35.13	5
35.14	5
35.15	7
35.16	7
35.17	7
35.18	7
35.19	8
35.2	6
35.21	6
35.22	6
35.23	8
35.24	7
35.25	5
35.26	5
35.27	5
35.28	5
35.29	5
35.3	5
35.31	5
35.32	5
35.33	5
35.34	5
35.35	7
35.36	8
35.37	5
35.38	6
35.39	6
35.4	6
35.41	5
35.42	5
35.43	7
35.44	7
35.45	7
35.46	7
35.47	7
35.48	6
35.49	6
35.5	6
35.51	9
35.52	8
35.53	5
35.54	7
35.55	6
35.56	6
35.57	6
35.58	6
35.59	6
35.6	6
35.61	9
35.62	6
35.63	6
35.64	5
35.65	5
35.66	5
35.67	6
35.68	6
35.69	6
35.7	6
35.71	7
35.72	6
35.73	6
35.74	6
35.75	6
35.76	6
35.77	6
35.78	6
35.79	6
35.8	6
35.81	6
35.82	6
35.83	6
35.84	6
35.85	6
35.86	6
35.87	6
35.88	6
35.89	6
35.9	6
35.91	6
35.92	6
35.93	6
35.94	6
35.95	6
35.96	6
35.97	7
35.98	7
35.99	7
36	5
36.01	5
36.02	5
36.03	5
36.04	5
36.05	5
36.06	5
36.07	5
36.08	5
36.09	5
36.1	5
36.11	7
36.12	7
36.13	6
36.14	6
36.15	6
36.16	6
36.17	6
36.18	6
36.19	6
36.2	6
36.21	6
36.22	6
36.23	6
36.24	6
36.25	6
36.26	6
36.27	6
36.28	6
36.29	6
36.3	6
36.31	6
36.32	6
36.33	6
36.34	6
36.35	6
36.36	6
36.37	6
36.38	6
36.39	6
36.4	6
36.41	8
36.42	8
36.43	8
36.44	8
36.45	7
36.46	8
36.47	6
36.48	6
36.49	6
36.5	7
36.51	6
36.52	6
36.53	6
36.54	6
36.55	6
36.56	6
36.57	6
36.58	6
36.59	8
36.6	8
36.61	6
36.62	6
36.63	6
36.64	6
36.65	6
36.66	6
36.67	6
36.68	6
36.69	6
36.7	6
36.71	6
36.72	6
36.73	6
36.74	6
36.75	6
36.76	6
36.77	7
36.78	6
36.79	6
36.8	7
36.81	6
36.82	6
36.83	6
36.84	6
36.85	6
36.86	6
36.87	6
36.88	6
36.89	6
36.9	6
36.91	6
36.92	6
36.93	6
36.94	6
36.95	6
36.96	6
36.97	6
36.98	6
36.99	6
37	6
37.01	6
37.02	6
37.03	8
37.04	6
37.05	6
37.06	6
37.07	6
37.08	6
37.09	6
37.1	6
37.11	6
37.12	6
37.13	6
37.14	7
37.15	7
37.16	7
37.17	6
37.18	7
37.19	7
37.2	7
37.21	5
37.22	7
37.23	6
37.24	6
37.25	6
37.26	6
37.27	6
37.28	6
37.29	6
37.3	6
37.31	6
37.32	6
37.33	6
37.34	6
37.35	6
37.36	6
37.37	6
37.38	6
37.39	6
37.4	6
37.41	6
37.42	6
37.43	6
37.44	6
37.45	6
37.46	6
37.47	6
37.48	6
37.49	6
37.5	6
37.51	6
37.52	6
37.53	6
37.54	6
37.55	6
37.56	8
37.57	7
37.58	6
37.59	8
37.6	8
37.61	8
37.62	6
37.63	6
37.64	6
37.65	8
37.66	8
37.67	6
37.68	6
37.69	6
37.7	7
37.71	6
37.72	6
37.73	6
37.74	6
37.75	6
37.76	6
37.77	6
37.78	7
37.79	7
37.8	8
37.81	6
37.82	6
37.83	6
37.84	6
37.85	6
37.86	6
37.87	6
37.88	6
37.89	6
37.9	6
37.91	6
37.92	6
37.93	7
37.94	6
37.95	6
37.96	6
37.97	6
37.98	6
37.99	6
38	6
38.01	6
38.02	6
38.03	6
38.04	6
38.05	6
38.06	7
38.07	7
38.08	7
38.09	6
38.1	6
38.11	6
38.12	6
38.13	6
38.14	6
38.15	6
38.16	6
38.17	6
38.18	6
38.19	6
38.2	6
38.21	6
38.22	6
38.23	6
38.24	6
38.25	6
38.26	6
38.27	7
38.28	7
38.29	7
38.3	6
38.31	6
38.32	6
38.33	6
38.34	6
38.35	6
38.36	6
38.37	6
38.38	6
38.39	6
38.4	6
38.41	6
38.42	6
38.43	6
38.44	6
38.45	6
38.46	6
38.47	6
38.48	6
38.49	5
38.5	5
38.51	5
38.52	5
38.53	6
38.54	6
38.55	7
38.56	6
38.57	6
38.58	6
38.59	6
38.6	6
38.61	6
38.62	6
38.63	8
38.64	6
38.65	7
38.66	6
38.67	6
38.68	6
38.69	6
38.7	6
38.71	7
38.72	5
38.73	5
38.74	5
38.75	5
38.76	5
38.77	5
38.78	5
38.79	5
38.8	7
38.81	6
38.82	6
38.83	6
38.84	6
38.85	6
38.86	6
38.87	5
38.88	6
38.89	7
38.9	5
38.91	6
38.92	6
38.93	8
38.94	6
38.95	6
38.96	5
38.97	6
38.98	6
38.99	6
39	7
39.01	6
39.02	6
39.03	6
39.04	5
39.05	8
39.06	6
39.07	6
39.08	6
39.09	6
39.1	6
39.11	5
39.12	5
39.13	5
39.14	5
39.15	5
39.16	5
39.17	5
39.18	5
39.19	7
39.2	6
39.21	6
39.22	8
39.23	7
39.24	6
39.25	7
39.26	7
39.27	7
39.28	7
39.29	7
39.3	7
39.31	8
39.32	6
39.33	6
39.34	6
39.35	6
39.36	6
39.37	6
39.38	6
39.39	6
39.4	6
39.41	6
39.42	6
39.43	6
39.44	6
39.45	6
39.46	6
39.47	6
39.48	8
39.49	7
39.5	7
39.51	7
39.52	7
39.53	7
39.54	7
39.55	7
39.56	8
39.57	8
39.58	6
39.59	6
39.6	4
39.61	6
39.62	7
39.63	6
39.64	6
39.65	6
39.66	6
39.67	4
39.68	6
39.69	6
39.7	6
39.71	6
39.72	6
39.73	6
39.74	6
39.75	6
39.76	6
39.77	4
39.78	4
39.79	4
39.8	4
39.81	4
39.82	4
39.83	4
39.84	4
39.85	6
39.86	6
39.87	6
39.88	6
39.89	6
39.9	4
39.91	4
39.92	6
39.93	6
39.94	6
39.95	6
39.96	6
39.97	6
39.98	6
39.99	6
40	6
40.01	6
40.02	6
40.03	6
40.04	6
40.05	6
40.06	6
40.07	6
40.08	8
40.09	8
40.1	7
40.11	6
40.12	4
40.13	7
40.14	6
40.15	6
40.16	6
40.17	6
40.18	6
40.19	6
40.2	6
40.21	6
40.22	6
40.23	6
40.24	6
40.25	6
40.26	6
40.27	6
40.28	6
40.29	6
40.3	6
40.31	6
40.32	8
40.33	6
40.34	6
40.35	6
40.36	7
40.37	7
40.38	6
40.39	6
40.4	6
40.41	6
40.42	4
40.43	4
40.44	4
40.45	4
40.46	6
40.47	6
40.48	6
40.49	6
40.5	7
40.51	6
40.52	6
40.53	6
40.54	6
40.55	6
40.56	8
40.57	6
40.58	6
40.59	6
40.6	6
40.61	6
40.62	6
40.63	8
40.64	6
40.65	6
40.66	6
40.67	6
40.68	6
40.69	6
40.7	6
40.71	6
40.72	6
40.73	6
40.74	6
40.75	6
40.76	6
40.77	8
40.78	6
40.79	6
40.8	6
40.81	6
40.82	6
40.83	6
40.84	6
40.85	6
40.86	8
40.87	7
40.88	5
40.89	7
40.9	7
40.91	7
40.92	7
40.93	7
40.94	5
40.95	7
40.96	7
40.97	5
40.98	7
40.99	8
41	6
41.01	6
41.02	6
41.03	6
41.04	6
41.05	7
41.06	8
41.07	7
41.08	7
41.09	7
41.1	5
41.11	7
41.12	7
41.13	7
41.14	6
41.15	6
41.16	8
41.17	8
41.18	6
41.19	6
41.2	7
41.21	5
41.22	5
41.23	6
41.24	6
41.25	6
41.26	6
41.27	6
41.28	6
41.29	6
41.3	6
41.31	6
41.32	6
41.33	7
41.34	7
41.35	5
41.36	5
41.37	5
41.38	5
41.39	5
41.4	5
41.41	5
41.42	5
41.43	6
41.44	6
41.45	6
41.46	6
41.47	6
41.48	6
41.49	5
41.5	5
41.51	5
41.52	5
41.53	5
41.54	5
41.55	5
41.56	5
41.57	5
41.58	5
41.59	5
41.6	5
41.61	5
41.62	5
41.63	5
41.64	5
41.65	5
41.66	5
41.67	5
41.68	5
41.69	7
41.7	6
41.71	6
41.72	6
41.73	6
41.74	7
41.75	7
41.76	5
41.77	5
41.78	5
41.79	5
41.8	5
41.81	5
41.82	5
41.83	5
41.84	5
41.85	5
41.86	5
41.87	5
41.88	5
41.89	5
41.9	5
41.91	5
41.92	5
41.93	5
41.94	5
41.95	5
41.96	5
41.97	5
41.98	5
41.99	5
42	5
42.01	5
42.02	5
42.03	5
42.04	5
42.05	5
42.06	7
42.07	5
42.08	5
42.09	5
42.1	5
42.11	5
42.12	5
42.13	5
42.14	5
42.15	5
42.16	5
42.17	5
42.18	5
42.19	5
42.2	5
42.21	5
42.22	5
42.23	5
42.24	5
42.25	5
42.26	7
42.27	7
42.28	7
42.29	7
42.3	7
42.31	7
42.32	7
42.33	7
42.34	6
42.35	6
42.36	7
42.37	6
42.38	6
42.39	6
42.4	5
42.41	5
42.42	6
42.43	8
42.44	6
42.45	9
42.46	6
42.47	6
42.48	8
42.49	6
42.5	6
42.51	8
42.52	6
42.53	6
42.54	6
42.55	6
42.56	7
42.57	7
42.58	7
42.59	6
42.6	6
42.61	7
42.62	6
42.63	6
42.64	6
42.65	6
42.66	7
42.67	6
42.68	6
42.69	5
42.7	6
42.71	6
42.72	6
42.73	6
42.74	6
42.75	7
42.76	6
42.77	8
42.78	6
42.79	6
42.8	6
42.81	6
42.82	6
42.83	6
42.84	6
42.85	6
42.86	6
42.87	6
42.88	6
42.89	6
42.9	6
42.91	6
42.92	6
42.93	6
42.94	6
42.95	8
42.96	5
42.97	7
42.98	6
42.99	6
43	7
43.01	6
43.02	6
43.03	6
43.04	6
43.05	6
43.06	6
43.07	6
43.08	6
43.09	8
43.1	8
43.11	7
43.12	5
43.13	5
43.14	5
43.15	7
43.16	7
43.17	7
43.18	7
43.19	6
43.2	6
43.21	6
43.22	6
43.23	6
43.24	6
43.25	6
43.26	5
43.27	5
43.28	5
43.29	5
43.3	5
43.31	5
43.32	5
43.33	5
43.34	5
43.35	5
43.36	7
43.37	6
43.38	7
43.39	6
43.4	6
43.41	5
43.42	5
43.43	5
43.44	7
43.45	5
43.46	5
43.47	5
43.48	6
43.49	6
43.5	6
43.51	7
43.52	5
43.53	5
43.54	5
43.55	5
43.56	6
43.57	6
43.58	6
43.59	6
43.6	6
43.61	7
43.62	6
43.63	7
43.64	7
43.65	5
43.66	5
43.67	6
43.68	6
43.69	6
43.7	6
43.71	6
43.72	6
43.73	6
43.74	6
43.75	6
43.76	6
43.77	6
43.78	6
43.79	6
43.8	6
43.81	6
43.82	6
43.83	6
43.84	6
43.85	6
43.86	6
43.87	6
43.88	6
43.89	6
43.9	6
43.91	6
43.92	6
43.93	6
43.94	6
43.95	6
43.96	6
43.97	6
43.98	7
43.99	7
44	7
44.01	5
44.02	7
44.03	5
44.04	5
44.05	5
44.06	5
44.07	5
44.08	7
44.09	7
44.1	7
44.11	7
44.12	7
44.13	6
44.14	6
44.15	6
44.16	6
44.17	6
44.18	6
44.19	6
44.2	6
44.21	6
44.22	6
44.23	6
44.24	6
44.25	6
44.26	6
44.27	6
44.28	6
44.29	6
44.3	6
44.31	6
44.32	6
44.33	6
44.34	6
44.35	6
44.36	6
44.37	6
44.38	6
44.39	6
44.4	6
44.41	6
44.42	8
44.43	6
44.44	8
44.45	8
44.46	5
44.47	7
44.48	6
44.49	6
44.5	8
44.51	8
44.52	6
44.53	6
44.54	6
44.55	6
44.56	6
44.57	6
44.58	6
44.59	6
44.6	6
44.61	6
44.62	6
44.63	6
44.64	6
44.65	6
44.66	6
44.67	6
44.68	6
44.69	6
44.7	6
44.71	6
44.72	6
44.73	6
44.74	6
44.75	6
44.76	6
44.77	8
44.78	7
44.79	6
44.8	6
44.81	7
44.82	6
44.83	6
44.84	6
44.85	6
44.86	6
44.87	6
44.88	6
44.89	6
44.9	6
44.91	6
44.92	6
44.93	6
44.94	6
44.95	6
44.96	6
44.97	6
44.98	6
44.99	6
45	6
45.01	7
45.02	7
45.03	7
45.04	7
45.05	6
45.06	6
45.07	6
45.08	6
45.09	6
45.1	6
45.11	6
45.12	6
45.13	7
45.14	7
45.15	7
45.16	7
45.17	7
45.18	6
45.19	6
45.2	8
45.21	7
45.22	7
45.23	7
45.24	8
45.25	6
45.26	6
45.27	6
45.28	6
45.29	6
45.3	6
45.31	6
45.32	6
45.33	6
45.34	6
45.35	6
45.36	6
45.37	6
45.38	8
45.39	6
45.4	6
45.41	6
45.42	6
45.43	6
45.44	6
45.45	6
45.46	6
45.47	6
45.48	6
45.49	6
45.5	6
45.51	6
45.52	6
45.53	6
45.54	6
45.55	6
45.56	8
45.57	7
45.58	8
45.59	8
45.6	8
45.61	8
45.62	6
45.63	6
45.64	6
45.65	6
45.66	6
45.67	8
45.68	7
45.69	6
45.7	7
45.71	6
45.72	6
45.73	6
45.74	6
45.75	6
45.76	6
45.77	7
45.78	6
45.79	6
45.8	8
45.81	6
45.82	6
45.83	6
45.84	6
45.85	6
45.86	6
45.87	7
45.88	7
45.89	7
45.9	7
45.91	6
45.92	6
45.93	6
45.94	7
45.95	7
45.96	7
45.97	7
45.98	7
45.99	6
46	6
46.01	6
46.02	6
46.03	7
46.04	6
46.05	6
46.06	6
46.07	7
46.08	7
46.09	7
46.1	7
46.11	6
46.12	7
46.13	6
46.14	6
46.15	6
46.16	6
46.17	6
46.18	6
46.19	6
46.2	6
46.21	6
46.22	6
46.23	6
46.24	6
46.25	7
46.26	7
46.27	5
46.28	5
46.29	5
46.3	5
46.31	5
46.32	5
46.33	5
46.34	5
46.35	5
46.36	5
46.37	7
46.38	6
46.39	6
46.4	6
46.41	6
46.42	6
46.43	6
46.44	6
46.45	6
46.46	6
46.47	6
46.48	6
46.49	5
46.5	5
46.51	5
46.52	5
46.53	5
46.54	7
46.55	6
46.56	6
46.57	6
46.58	6
46.59	6
46.6	6
46.61	6
46.62	6
46.63	7
46.64	6
46.65	5
46.66	6
46.67	6
46.68	6
46.69	7
46.7	5
46.71	5
46.72	5
46.73	5
46.74	5
46.75	5
46.76	5
46.77	5
46.78	5
46.79	5
46.8	5
46.81	5
46.82	5
46.83	5
46.84	5
46.85	7
46.86	6
46.87	5
46.88	6
46.89	6
46.9	6
46.91	5
46.92	5
46.93	8
46.94	6
46.95	6
46.96	6
46.97	5
46.98	6
46.99	6
47	5
47.01	7
47.02	5
47.03	7
47.04	5
47.05	8
47.06	6
47.07	6
47.08	7
47.09	5
47.1	5
47.11	5
47.12	5
47.13	5
47.14	5
47.15	5
47.16	5
47.17	5
47.18	5
47.19	5
47.2	5
47.21	7
47.22	6
47.23	8
47.24	7
47.25	6
47.26	6
47.27	6
47.28	8
47.29	8
47.3	8
47.31	7
47.32	6
47.33	6
47.34	6
47.35	6
47.36	6
47.37	6
47.38	6
47.39	6
47.4	6
47.41	6
47.42	6
47.43	6
47.44	6
47.45	6
47.46	6
47.47	6
47.48	6
47.49	7
47.5	7
47.51	7
47.52	7
47.53	7
47.54	7
47.55	6
47.56	6
47.57	6
47.58	6
47.59	6
47.6	6
47.61	6
47.62	7
47.63	5
47.64	6
47.65	6
47.66	6
47.67	4
47.68	4
47.69	6
47.7	6
47.71	5
47.72	5
47.73	5
47.74	5
47.75	5
47.76	6
47.77	6
47.78	6
47.79	6
47.8	6
47.81	6
47.82	6
47.83	6
47.84	6
47.85	6
47.86	6
47.87	6
47.88	6
47.89	6
47.9	6
47.91	4
47.92	4
47.93	4
47.94	4
47.95	6
47.96	6
47.97	6
47.98	6
47.99	6
48	6
48.01	6
48.02	6
48.03	6
48.04	6
48.05	6
48.06	6
48.07	6
48.08	6
48.09	6
48.1	6
48.11	7
48.12	4
48.13	7
48.14	6
48.15	6
48.16	6
48.17	6
48.18	6
48.19	4
48.2	4
48.21	4
48.22	4
48.23	4
48.24	6
48.25	6
48.26	6
48.27	6
48.28	6
48.29	6
48.3	6
48.31	6
48.32	6
48.33	6
48.34	6
48.35	6
48.36	8
48.37	6
48.38	6
48.39	8
48.4	6
48.41	6
48.42	6
48.43	6
48.44	4
48.45	4
48.46	4
48.47	6
48.48	6
48.49	8
48.5	6
48.51	7
48.52	6
48.53	7
48.54	6
48.55	6
48.56	8
48.57	6
48.58	6
48.59	6
48.6	6
48.61	6
48.62	6
48.63	6
48.64	6
48.65	6
48.66	6
48.67	6
48.68	6
48.69	7
48.7	7
48.71	6
48.72	6
48.73	6
48.74	6
48.75	6
48.76	6
48.77	6
48.78	7
48.79	6
48.8	6
48.81	6
48.82	6
48.83	6
48.84	8
48.85	7
48.86	7
48.87	7
48.88	7
48.89	5
48.9	5
48.91	7
48.92	7
48.93	7
48.94	7
48.95	7
48.96	7
48.97	7
48.98	7
48.99	7
49	6
49.01	6
49.02	6
49.03	6
49.04	6
49.05	7
49.06	6
49.07	7
49.08	7
49.09	5
49.1	5
49.11	7
49.12	5
49.13	7
49.14	6
49.15	6
49.16	8
49.17	6
49.18	8
49.19	6
49.2	8
49.21	7
49.22	5
49.23	6
49.24	6
49.25	6
49.26	6
49.27	6
49.28	6
49.29	6
49.3	6
49.31	6
49.32	6
49.33	6
49.34	7
49.35	5
49.36	5
49.37	5
49.38	5
49.39	5
49.4	5
49.41	5
49.42	5
49.43	6
49.44	6
49.45	6
49.46	6
49.47	6
49.48	6
49.49	6
49.5	5
49.51	5
49.52	5
49.53	5
49.54	5
49.55	5
49.56	5
49.57	5
49.58	5
49.59	5
49.6	5
49.61	5
49.62	5
49.63	5
49.64	5
49.65	5
49.66	5
49.67	5
49.68	5
49.69	6
49.7	6
49.71	6
49.72	6
49.73	6
49.74	6
49.75	6
49.76	7
49.77	7
49.78	7
49.79	7
49.8	7
49.81	7
49.82	7
49.83	7
49.84	7
49.85	7
49.86	5
49.87	7
49.88	5
49.89	5
49.9	5
49.91	5
49.92	5
49.93	5
49.94	5
49.95	5
49.96	5
49.97	5
49.98	5
49.99	5
50	5
50.01	5
50.02	5
50.03	5
50.04	5
50.05	5
50.06	5
50.07	5
50.08	5
50.09	5
50.1	5
50.11	5
50.12	5
50.13	5
50.14	5
50.15	5
50.16	5
50.17	5
50.18	5
50.19	5
50.2	5
50.21	5
50.22	5
50.23	5
50.24	5
50.25	5
50.26	5
50.27	7
50.28	7
50.29	5
50.3	7
50.31	5
50.32	5
50.33	5
50.34	7
50.35	7
50.36	7
50.37	7
50.38	7
50.39	6
50.4	6
50.41	5
50.42	6
50.43	6
50.44	6
50.45	8
50.46	6
50.47	6
50.48	6
50.49	6
50.5	6
50.51	8
50.52	6
50.53	7
50.54	5
50.55	7
50.56	5
50.57	5
50.58	5
50.59	7
50.6	6
50.61	6
50.62	7
50.63	6
50.64	6
50.65	6
50.66	7
50.67	6
50.68	5
50.69	5
50.7	6
50.71	6
50.72	7
50.73	7
50.74	5
50.75	5
50.76	5
50.77	5
50.78	7
50.79	6
50.8	6
50.81	6
50.82	6
50.83	6
50.84	6
50.85	6
50.86	6
50.87	6
50.88	6
50.89	6
50.9	6
50.91	6
50.92	6
50.93	6
50.94	6
50.95	6
50.96	5
50.97	5
50.98	6
50.99	6
51	7
51.01	6
51.02	6
51.03	6
51.04	6
51.05	6
51.06	6
51.07	6
51.08	6
51.09	6
51.1	6
51.11	7
51.12	5
51.13	5
51.14	5
51.15	5
51.16	5
51.17	5
51.18	7
51.19	7
51.2	7
51.21	8
51.22	6
51.23	8
51.24	7
51.25	5
51.26	5
51.27	5
51.28	5
51.29	5
51.3	5
51.31	5
51.32	5
51.33	5
51.34	5
51.35	5
51.36	5
51.37	8
51.38	7
51.39	6
51.4	6
51.41	5
51.42	5
51.43	5
51.44	5
51.45	5
51.46	5
51.47	5
51.48	7
51.49	6
51.5	6
51.51	8
51.52	5
51.53	8
51.54	5
51.55	6
51.56	6
51.57	6
51.58	6
51.59	6
51.6	6
51.61	8
51.62	8
51.63	8
51.64	7
51.65	5
51.66	5
51.67	6
51.68	6
51.69	6
51.7	7
51.71	7
51.72	7
51.73	7
51.74	6
51.75	6
51.76	6
51.77	6
51.78	6
51.79	6
51.8	6
51.81	6
51.82	6
51.83	6
51.84	6
51.85	6
51.86	6
51.87	6
51.88	6
51.89	6
51.9	6
51.91	6
51.92	6
51.93	7
51.94	6
51.95	7
51.96	6
51.97	7
51.98	7
51.99	5
52	5
52.01	5
52.02	5
52.03	5
52.04	5
52.05	5
52.06	5
52.07	5
52.08	5
52.09	5
52.1	5
52.11	5
52.12	5
52.13	5
52.14	7
52.15	7
52.16	6
52.17	6
52.18	6
52.19	6
52.2	6
52.21	6
52.22	6
52.23	6
52.24	6
52.25	6
52.26	6
52.27	6
52.28	6
52.29	6
52.3	6
52.31	6
52.32	6
52.33	6
52.34	6
52.35	6
52.36	6
52.37	6
52.38	6
52.39	6
52.4	6
52.41	6
52.42	8
52.43	5
52.44	8
52.45	8
52.46	8
52.47	7
52.48	6
52.49	6
52.5	6
52.51	6
52.52	6
52.53	8
52.54	6
52.55	6
52.56	6
52.57	6
52.58	6
52.59	6
52.6	6
52.61	6
52.62	6
52.63	6
52.64	6
52.65	6
52.66	6
52.67	6
52.68	6
52.69	6
52.7	6
52.71	7
52.72	6
52.73	6
52.74	6
52.75	6
52.76	6
52.77	6
52.78	7
52.79	6
52.8	6
52.81	7
52.82	6
52.83	6
52.84	6
52.85	6
52.86	6
52.87	6
52.88	6
52.89	6
52.9	8
52.91	6
52.92	6
52.93	6
52.94	6
52.95	6
52.96	6
52.97	6
52.98	6
52.99	7
53	7
53.01	7
53.02	5
53.03	5
53.04	6
53.05	6
53.06	6
53.07	6
53.08	6
53.09	6
53.1	6
53.11	6
53.12	6
53.13	6
53.14	5
53.15	5
53.16	7
53.17	7
53.18	7
53.19	8
53.2	6
53.21	7
53.22	7
53.23	8
53.24	6
53.25	6
53.26	6
53.27	6
53.28	6
53.29	6
53.3	6
53.31	6
53.32	6
53.33	6
53.34	6
53.35	7
53.36	7
53.37	7
53.38	7
53.39	6
53.4	6
53.41	6
53.42	6
53.43	6
53.44	6
53.45	6
53.46	6
53.47	6
53.48	6
53.49	6
53.5	6
53.51	6
53.52	6
53.53	6
53.54	6
53.55	6
53.56	6
53.57	8
53.58	7
53.59	7
53.6	7
53.61	7
53.62	7
53.63	7
53.64	7
53.65	6
53.66	6
53.67	8
53.68	7
53.69	6
53.7	7
53.71	6
53.72	6
53.73	6
53.74	6
53.75	6
53.76	6
53.77	6
53.78	6
53.79	6
53.8	7
53.81	6
53.82	6
53.83	6
53.84	7
53.85	7
53.86	7
53.87	5
53.88	5
53.89	5
53.9	5
53.91	6
53.92	6
53.93	5
53.94	7
53.95	7
53.96	7
53.97	6
53.98	7
53.99	6
54	8
54.01	7
54.02	7
54.03	7
54.04	7
54.05	7
54.06	7
54.07	7
54.08	7
54.09	7
54.1	7
54.11	7
54.12	7
54.13	7
54.14	6
54.15	6
54.16	6
54.17	7
54.18	6
54.19	6
54.2	6
54.21	6
54.22	6
54.23	6
54.24	6
54.25	6
54.26	6
54.27	6
54.28	6
54.29	7
54.3	5
54.31	5
54.32	5
54.33	5
54.34	5
54.35	5
54.36	7
54.37	7
54.38	5
54.39	7
54.4	6
54.41	6
54.42	6
54.43	6
54.44	6
54.45	6
54.46	6
54.47	6
54.48	6
54.49	6
54.5	6
54.51	5
54.52	7
54.53	6
54.54	6
54.55	6
54.56	6
54.57	6
54.58	6
54.59	6
54.6	7
54.61	7
54.62	6
54.63	7
54.64	6
54.65	5
54.66	5
54.67	6
54.68	7
54.69	7
54.7	5
54.71	5
54.72	5
54.73	5
54.74	5
54.75	5
54.76	5
54.77	5
54.78	5
54.79	5
54.8	5
54.81	5
54.82	5
54.83	5
54.84	7
54.85	6
54.86	6
54.87	6
54.88	5
54.89	6
54.9	6
54.91	6
54.92	6
54.93	7
54.94	5
54.95	6
54.96	6
54.97	5
54.98	6
54.99	6
55	6
55.01	8
55.02	8
55.03	6
55.04	6
55.05	5
55.06	6
55.07	6
55.08	6
55.09	5
55.1	5
55.11	5
55.12	5
55.13	5
55.14	5
55.15	5
55.16	5
55.17	5
55.18	5
55.19	5
55.2	5
55.21	6
55.22	6
55.23	6
55.24	5
55.25	6
55.26	8
55.27	7
55.28	7
55.29	6
55.3	6
55.31	6
55.32	7
55.33	8
55.34	6
55.35	6
55.36	6
55.37	6
55.38	6
55.39	6
55.4	6
55.41	6
55.42	6
55.43	6
55.44	6
55.45	6
55.46	6
55.47	6
55.48	6
55.49	7
55.5	7
55.51	7
55.52	7
55.53	7
55.54	7
55.55	7
55.56	6
55.57	6
55.58	6
55.59	6
55.6	6
55.61	6
55.62	5
55.63	8
55.64	6
55.65	6
55.66	4
55.67	4
55.68	4
55.69	6
55.7	5
55.71	5
55.72	6
55.73	6
55.74	5
55.75	6
55.76	6
55.77	6
55.78	6
55.79	4
55.8	4
55.81	4
55.82	4
55.83	4
55.84	4
55.85	6
55.86	6
55.87	6
55.88	6
55.89	6
55.9	6
55.91	6
55.92	6
55.93	6
55.94	6
55.95	6
55.96	6
55.97	6
55.98	6
55.99	6
56	6
56.01	6
56.02	6
56.03	6
56.04	6
56.05	6
56.06	6
56.07	6
56.08	6
56.09	10
56.1	7
56.11	7
56.12	6
56.13	4
56.14	7
56.15	6
56.16	6
56.17	6
56.18	6
56.19	6
56.2	6
56.21	4
56.22	4
56.23	6
56.24	6
56.25	6
56.26	6
56.27	6
56.28	6
56.29	6
56.3	6
56.31	6
56.32	6
56.33	8
56.34	6
56.35	6
56.36	6
56.37	7
56.38	6
56.39	6
56.4	6
56.41	6
56.42	6
56.43	4
56.44	4
56.45	4
56.46	6
56.47	6
56.48	6
56.49	6
56.5	6
56.51	8
56.52	6
56.53	6
56.54	7
56.55	6
56.56	6
56.57	8
56.58	6
56.59	6
56.6	6
56.61	6
56.62	6
56.63	6
56.64	6
56.65	6
56.66	6
56.67	6
56.68	6
56.69	7
56.7	7
56.71	6
56.72	6
56.73	6
56.74	6
56.75	6
56.76	6
56.77	6
56.78	5
56.79	6
56.8	6
56.81	6
56.82	8
56.83	7
56.84	7
56.85	7
56.86	7
56.87	7
56.88	7
56.89	5
56.9	5
56.91	5
56.92	5
56.93	5
56.94	5
56.95	5
56.96	7
56.97	7
56.98	7
56.99	7
57	7
57.01	6
57.02	6
57.03	6
57.04	6
57.05	5
57.06	8
57.07	7
57.08	7
57.09	7
57.1	7
57.11	7
57.12	6
57.13	7
57.14	6
57.15	8
57.16	6
57.17	6
57.18	6
57.19	6
57.2	7
57.21	5
57.22	5
57.23	5
57.24	6
57.25	6
57.26	6
57.27	6
57.28	6
57.29	6
57.3	6
57.31	6
57.32	6
57.33	6
57.34	7
57.35	7
57.36	7
57.37	5
57.38	5
57.39	5
57.4	5
57.41	5
57.42	5
57.43	6
57.44	6
57.45	6
57.46	6
57.47	6
57.48	6
57.49	6
57.5	6
57.51	5
57.52	5
57.53	5
57.54	5
57.55	5
57.56	5
57.57	5
57.58	5
57.59	5
57.6	5
57.61	5
57.62	5
57.63	5
57.64	5
57.65	5
57.66	5
57.67	5
57.68	5
57.69	5
57.7	6
57.71	6
57.72	6
57.73	6
57.74	6
57.75	7
57.76	7
57.77	7
57.78	7
57.79	7
57.8	7
57.81	7
57.82	7
57.83	5
57.84	7
57.85	7
57.86	7
57.87	5
57.88	5
57.89	5
57.9	5
57.91	5
57.92	5
57.93	5
57.94	7
57.95	6
57.96	8
57.97	5
57.98	5
57.99	5
58	5
58.01	5
58.02	5
58.03	5
58.04	5
58.05	5
58.06	5
58.07	5
58.08	5
58.09	5
58.1	5
58.11	5
58.12	5
58.13	5
58.14	5
58.15	5
58.16	5
58.17	5
58.18	5
58.19	5
58.2	5
58.21	5
58.22	5
58.23	5
58.24	5
58.25	5
58.26	5
58.27	5
58.28	7
58.29	5
58.3	5
58.31	5
58.32	5
58.33	5
58.34	5
58.35	5
58.36	5
58.37	5
58.38	7
58.39	7
58.4	6
58.41	5
58.42	5
58.43	6
58.44	5
58.45	6
58.46	6
58.47	6
58.48	6
58.49	6
58.5	6
58.51	5
58.52	6
58.53	6
58.54	7
58.55	5
58.56	5
58.57	5
58.58	5
58.59	5
58.6	7
58.61	5
58.62	7
58.63	7
58.64	6
58.65	6
58.66	6
58.67	6
58.68	6
58.69	5
58.7	6
58.71	6
58.72	6
58.73	7
58.74	5
58.75	5
58.76	5
58.77	5
58.78	7
58.79	7
58.8	6
58.81	6
58.82	6
58.83	6
58.84	6
58.85	6
58.86	6
58.87	6
58.88	6
58.89	6
58.9	6
58.91	6
58.92	6
58.93	6
58.94	6
58.95	6
58.96	5
58.97	5
58.98	6
58.99	6
59	6
59.01	8
59.02	6
59.03	6
59.04	6
59.05	6
59.06	6
59.07	6
59.08	6
59.09	8
59.1	7
59.11	7
59.12	7
59.13	5
59.14	5
59.15	5
59.16	5
59.17	7
59.18	7
59.19	8
59.2	6
59.21	6
59.22	6
59.23	6
59.24	6
59.25	6
59.26	5
59.27	5
59.28	5
59.29	5
59.3	5
59.31	5
59.32	5
59.33	5
59.34	5
59.35	5
59.36	5
59.37	7
59.38	6
59.39	6
59.4	6
59.41	6
59.42	5
59.43	5
59.44	7
59.45	6
59.46	6
59.47	5
59.48	7
59.49	6
59.5	9
59.51	5
59.52	8
59.53	8
59.54	8
59.55	8
59.56	7
59.57	6
59.58	6
59.59	6
59.6	6
59.61	8
59.62	8
59.63	6
59.64	7
59.65	7
59.66	5
59.67	6
59.68	6
59.69	6
59.7	6
59.71	6
59.72	6
59.73	6
59.74	6
59.75	6
59.76	6
59.77	6
59.78	6
59.79	6
59.8	6
59.81	6
59.82	6
59.83	6
59.84	6
59.85	6
59.86	6
59.87	6
59.88	6
59.89	6
59.9	6
59.91	6
59.92	6
59.93	6
59.94	6
59.95	6
59.96	7
59.97	7
59.98	7
59.99	5
60	5
60.01	5
60.02	5
60.03	5
60.04	5
60.05	5
60.06	5
60.07	5
60.08	5
60.09	5
60.1	5
60.11	7
60.12	5
60.13	7
60.14	6
60.15	6
60.16	6
60.17	6
60.18	6
60.19	6
60.2	6
60.21	6
60.22	6
60.23	6
60.24	6
60.25	6
60.26	6
60.27	6
60.28	6
60.29	6
60.3	6
60.31	6
60.32	6
60.33	6
60.34	6
60.35	6
60.36	6
60.37	6
60.38	6
60.39	6
60.4	6
60.41	6
60.42	8
60.43	5
60.44	8
60.45	7
60.46	8
60.47	7
60.48	6
60.49	6
60.5	6
60.51	6
60.52	6
60.53	8
60.54	6
60.55	6
60.56	6
60.57	6
60.58	6
60.59	6
60.6	6
60.61	6
60.62	6
60.63	6
60.64	6
60.65	6
60.66	6
60.67	6
60.68	6
60.69	6
60.7	6
60.71	6
60.72	6
60.73	6
60.74	6
60.75	6
60.76	6
60.77	6
60.78	8
60.79	7
60.8	6
60.81	7
60.82	6
60.83	6
60.84	6
60.85	6
60.86	6
60.87	6
60.88	6
60.89	6
60.9	6
60.91	6
60.92	6
60.93	6
60.94	6
60.95	6
60.96	6
60.97	6
60.98	6
60.99	6
61	6
61.01	7
61.02	5
61.03	7
61.04	6
61.05	6
61.06	6
61.07	6
61.08	6
61.09	6
61.1	6
61.11	6
61.12	6
61.13	6
61.14	6
61.15	7
61.16	7
61.17	7
61.18	5
61.19	5
61.2	5
61.21	5
61.22	5
61.23	5
61.24	6
61.25	6
61.26	6
61.27	6
61.28	6
61.29	6
61.3	6
61.31	6
61.32	6
61.33	8
61.34	8
61.35	6
61.36	6
61.37	6
61.38	6
61.39	6
61.4	6
61.41	6
61.42	6
61.43	6
61.44	6
61.45	6
61.46	6
61.47	6
61.48	6
61.49	6
61.5	6
61.51	6
61.52	6
61.53	6
61.54	6
61.55	6
61.56	8
61.57	8
61.58	7
61.59	8
61.6	8
61.61	6
61.62	6
61.63	6
61.64	6
61.65	6
61.66	6
61.67	8
61.68	6
61.69	6
61.7	6
61.71	6
61.72	6
61.73	6
61.74	6
61.75	6
61.76	6
61.77	6
61.78	6
61.79	7
61.8	5
61.81	8
61.82	6
61.83	6
61.84	6
61.85	6
61.86	6
61.87	6
61.88	6
61.89	6
61.9	7
61.91	6
61.92	6
61.93	6
61.94	7
61.95	6
61.96	6
61.97	7
61.98	7
61.99	6
62	6
62.01	6
62.02	6
62.03	6
62.04	7
62.05	7
62.06	6
62.07	6
62.08	7
62.09	7
62.1	7
62.11	7
62.12	7
62.13	6
62.14	7
62.15	7
62.16	7
62.17	6
62.18	6
62.19	6
62.2	6
62.21	6
62.22	6
62.23	6
62.24	7
62.25	5
62.26	5
62.27	5
62.28	5
62.29	5
62.3	5
62.31	5
62.32	5
62.33	5
62.34	5
62.35	5
62.36	5
62.37	5
62.38	5
62.39	7
62.4	6
62.41	6
62.42	6
62.43	6
62.44	6
62.45	6
62.46	6
62.47	6
62.48	6
62.49	6
62.5	6
62.51	6
62.52	6
62.53	5
62.54	7
62.55	6
62.56	5
62.57	7
62.58	7
62.59	7
62.6	7
62.61	6
62.62	6
62.63	6
62.64	6
62.65	5
62.66	5
62.67	6
62.68	6
62.69	7
62.7	5
62.71	5
62.72	5
62.73	5
62.74	5
62.75	5
62.76	5
62.77	5
62.78	5
62.79	5
62.8	7
62.81	7
62.82	7
62.83	7
62.84	7
62.85	5
62.86	5
62.87	6
62.88	5
62.89	6
62.9	5
62.91	7
62.92	7
62.93	5
62.94	8
62.95	6
62.96	6
62.97	5
62.98	6
62.99	6
63	6
63.01	8
63.02	6
63.03	6
63.04	6
63.05	5
63.06	6
63.07	6
63.08	7
63.09	7
63.1	5
63.11	5
63.12	5
63.13	5
63.14	5
63.15	5
63.16	7
63.17	6
63.18	5
63.19	5
63.2	7
63.21	6
63.22	6
63.23	6
63.24	8
63.25	6
63.26	6
63.27	6
63.28	7
63.29	7
63.3	7
63.31	7
63.32	7
63.33	6
63.34	6
63.35	6
63.36	6
63.37	6
63.38	6
63.39	6
63.4	6
63.41	6
63.42	6
63.43	6
63.44	6
63.45	6
63.46	6
63.47	6
63.48	6
63.49	6
63.5	7
63.51	7
63.52	7
63.53	7
63.54	7
63.55	7
63.56	7
63.57	6
63.58	6
63.59	6
63.6	6
63.61	5
63.62	5
63.63	7
63.64	6
63.65	6
63.66	4
63.67	4
63.68	6
63.69	5
63.7	5
63.71	5
63.72	5
63.73	5
63.74	5
63.75	6
63.76	6
63.77	6
63.78	6
63.79	6
63.8	6
63.81	6
63.82	6
63.83	4
63.84	4
63.85	6
63.86	6
63.87	6
63.88	6
63.89	6
63.9	4
63.91	4
63.92	4
63.93	4
63.94	4
63.95	4
63.96	6
63.97	6
63.98	6
63.99	6
64	6
