0.00119904	8
0.00263651	5
0.00436346	3
0.00643726	3
0.00893	3
0.0119243	4
0.0159622	4
0.02	4
0.0248485	4
0.029899	4
0.0349495	4
0.04	4
0.0460526	4
0.0530263	5
0.06	5
0.07	6
0.08	5
0.09	5
0.1	5
0.11	5
0.12	5
0.13	5
0.14	5
0.15	5
0.16	5
0.17	5
0.18	5
0.19	5
0.2	5
0.21	6
0.22	5
0.23	5
0.24	5
0.25	6
0.26	5
0.27	6
0.28	6
0.29	6
0.3	6
0.31	6
0.32	6
0.33	6
0.34	6
0.35	6
0.36	6
0.37	6
0.38	6
0.39	6
0.4	6
0.41	6
0.42	6
0.43	6
0.44	6
0.45	6
0.46	6
0.47	6
0.48	6
0.49	6
0.5	6
0.51	6
0.52	6
0.53	6
0.54	6
0.55	6
0.56	6
0.57	6
0.58	6
0.59	6
0.6	6
0.61	6
0.62	6
0.63	6
0.64	6
0.65	6
0.66	6
0.67	6
0.68	6
0.69	6
0.7	6
0.71	6
0.72	7
0.73	6
0.74	6
0.75	6
0.76	6
0.77	7
0.78	7
0.79	7
0.8	7
0.81	7
0.82	7
0.83	7
0.84	7
0.85	7
0.86	7
0.87	7
0.88	7
0.89	7
0.9	7
0.91	7
0.92	7
0.93	7
0.94	7
0.95	7
0.96	7
0.97	7
0.98	7
0.99	7
1	7
1.01	7
1.02	7
1.03	7
1.04	7
1.05	7
1.06	7
1.07	7
1.08	7
1.09	7
1.1	7
1.11	7
1.12	7
1.13	7
1.14	7
1.15	7
1.16	7
1.17	7
1.18	7
1.19	7
1.2	7
1.21	7
1.22	7
1.23	7
1.24	7
1.25	7
1.26	7
1.27	7
1.28	7
1.29	7
1.3	7
1.31	7
1.32	7
1.33	7
1.34	7
1.35	7
1.36	7
1.37	7
1.38	7
1.39	7
1.4	7
1.41	7
1.42	7
1.43	7
1.44	7
1.45	7
1.46	7
1.47	7
1.48	7
1.49	7
1.5	7
1.51	7
1.52	7
1.53	7
1.54	7
1.55	7
1.56	7
1.57	7
1.58	7
1.59	7
1.6	7
1.61	7
1.62	7
1.63	7
1.64	7
1.65	7
1.66	7
1.67	7
1.68	7
1.69	7
1.7	7
1.71	7
1.72	7
1.73	7
1.74	7
1.75	7
1.76	7
1.77	7
1.78	7
1.79	7
1.8	7
1.81	7
1.82	7
1.83	7
1.84	7
1.85	7
1.86	7
1.87	7
1.88	7
1.89	7
1.9	7
1.91	7
1.92	7
1.93	7
1.94	7
1.95	7
1.96	7
1.97	7
1.98	7
1.99	7
2	7
2.01	7
2.02	7
2.03	7
2.04	7
2.05	7
2.06	7
2.07	7
2.08	7
2.09	7
2.1	7
2.11	7
2.12	7
2.13	7
2.14	7
2.15	7
2.16	7
2.17	7
2.18	7
2.19	7
2.2	7
2.21	7
2.22	7
2.23	7
2.24	7
2.25	7
2.26	7
2.27	7
2.28	7
2.29	7
2.3	7
2.31	7
2.32	7
2.33	7
2.34	7
2.35	7
2.36	7
2.37	7
2.38	7
2.39	7
2.4	7
2.41	7
2.42	7
2.43	7
2.44	7
2.45	7
2.46	7
2.47	7
2.48	7
2.49	7
2.5	7
2.51	7
2.52	7
2.53	7
2.54	7
2.55	7
2.56	7
2.57	7
2.58	7
2.59	7
2.6	7
2.61	7
2.62	7
2.63	7
2.64	7
2.65	7
2.66	7
2.67	7
2.68	7
2.69	7
2.7	7
2.71	7
2.72	7
2.73	7
2.74	7
2.75	7
2.76	7
2.77	7
2.78	7
2.79	7
2.8	7
2.81	7
2.82	7
2.83	7
2.84	7
2.85	7
2.86	7
2.87	7
2.88	7
2.89	7
2.9	7
2.91	7
2.92	7
2.93	7
2.94	7
2.95	7
2.96	7
2.97	7
2.98	7
2.99	7
3	7
3.01	7
3.02	7
3.03	7
3.04	7
3.05	7
3.06	7
3.07	7
3.08	7
3.09	7
3.1	7
3.11	7
3.12	7
3.13	7
3.14	7
3.15	7
3.16	7
3.17	7
3.18	7
3.19	7
3.2	7
3.21	7
3.22	7
3.23	7
3.24	7
3.25	7
3.26	7
3.27	7
3.28	7
3.29	7
3.3	7
3.31	7
3.32	7
3.33	7
3.34	7
3.35	7
3.36	7
3.37	7
3.38	7
3.39	7
3.4	7
3.41	7
3.42	7
3.43	7
3.44	7
3.45	7
3.46	7
3.47	7
3.48	7
3.49	7
3.5	7
3.51	7
3.52	7
3.53	7
3.54	7
3.55	7
3.56	7
3.57	7
3.58	7
3.59	7
3.6	7
3.61	7
3.62	7
3.63	7
3.64	7
3.65	7
3.66	7
3.67	7
3.68	7
3.69	7
3.7	7
3.71	7
3.72	7
3.73	7
3.74	7
3.75	7
3.76	7
3.77	7
3.78	7
3.79	7
3.8	7
3.81	7
3.82	7
3.83	7
3.84	7
3.85	7
3.86	7
3.87	7
3.88	7
3.89	7
3.9	7
3.91	7
3.92	7
3.93	7
3.94	7
3.95	7
3.96	7
3.97	7
3.98	7
3.99	7
4	7
4.01	7
4.02	7
4.03	7
4.04	7
4.05	7
4.06	7
4.07	7
4.08	7
4.09	7
4.1	7
4.11	7
4.12	7
4.13	7
4.14	7
4.15	7
4.16	7
4.17	7
4.18	7
4.19	7
4.2	7
4.21	7
4.22	7
4.23	7
4.24	7
4.25	7
4.26	7
4.27	7
4.28	7
4.29	7
4.3	7
4.31	7
4.32	7
4.33	7
4.34	7
4.35	7
4.36	7
4.37	7
4.38	7
4.39	7
4.4	7
4.41	7
4.42	7
4.43	7
4.44	7
4.45	7
4.46	7
4.47	7
4.48	7
4.49	7
4.5	7
4.51	7
4.52	7
4.53	7
4.54	7
4.55	7
4.56	7
4.57	7
4.58	7
4.59	7
4.6	7
4.61	7
4.62	7
4.63	7
4.64	7
4.65	7
4.66	7
4.67	7
4.68	7
4.69	7
4.7	7
4.71	7
4.72	7
4.73	7
4.74	7
4.75	7
4.76	7
4.77	7
4.78	7
4.79	7
4.8	7
4.81	7
4.82	7
4.83	7
4.84	7
4.85	7
4.86	7
4.87	7
4.88	7
4.89	7
4.9	7
4.91	7
4.92	7
4.93	7
4.94	7
4.95	7
4.96	7
4.97	7
4.98	7
4.99	7
5	7
5.01	7
5.02	7
5.03	7
5.04	7
5.05	7
5.06	7
5.07	7
5.08	7
5.09	7
5.1	7
5.11	7
5.12	7
5.13	7
5.14	7
5.15	7
5.16	7
5.17	7
5.18	7
5.19	7
5.2	7
5.21	7
5.22	7
5.23	7
5.24	7
5.25	7
5.26	7
5.27	7
5.28	7
5.29	7
5.3	7
5.31	7
5.32	7
5.33	7
5.34	7
5.35	7
5.36	7
5.37	7
5.38	7
5.39	7
5.4	7
5.41	7
5.42	7
5.43	7
5.44	7
5.45	7
5.46	7
5.47	7
5.48	7
5.49	7
5.5	7
5.51	7
5.52	7
5.53	7
5.54	7
5.55	7
5.56	7
5.57	7
5.58	7
5.59	7
5.6	7
5.61	7
5.62	7
5.63	7
5.64	7
5.65	7
5.66	7
5.67	7
5.68	7
5.69	7
5.7	7
5.71	7
5.72	7
5.73	7
5.74	7
5.75	7
5.76	7
5.77	7
5.78	7
5.79	7
5.8	7
5.81	7
5.82	7
5.83	7
5.84	7
5.85	7
5.86	7
5.87	7
5.88	7
5.89	7
5.9	7
5.91	7
5.92	7
5.93	7
5.94	7
5.95	7
5.96	7
5.97	7
5.98	7
5.99	7
6	7
6.01	7
6.02	7
6.03	7
6.04	7
6.05	7
6.06	7
6.07	7
6.08	7
6.09	7
6.1	7
6.11	7
6.12	7
6.13	7
6.14	7
6.15	7
6.16	7
6.17	7
6.18	7
6.19	7
6.2	7
6.21	7
6.22	7
6.23	7
6.24	7
6.25	7
6.26	7
6.27	7
6.28	7
6.29	7
6.3	7
6.31	7
6.32	7
6.33	7
6.34	7
6.35	7
6.36	7
6.37	7
6.38	7
6.39	7
6.4	7
6.41	7
6.42	7
6.43	7
6.44	7
6.45	7
6.46	7
6.47	7
6.48	7
6.49	7
6.5	7
6.51	7
6.52	7
6.53	7
6.54	7
6.55	7
6.56	7
6.57	7
6.58	7
6.59	7
6.6	7
6.61	7
6.62	7
6.63	7
6.64	7
6.65	7
6.66	7
6.67	7
6.68	7
6.69	7
6.7	7
6.71	7
6.72	7
6.73	7
6.74	7
6.75	7
6.76	7
6.77	7
6.78	7
6.79	7
6.8	7
6.81	7
6.82	7
6.83	7
6.84	7
6.85	7
6.86	7
6.87	7
6.88	7
6.89	7
6.9	7
6.91	7
6.92	7
6.93	7
6.94	7
6.95	7
6.96	7
6.97	7
6.98	7
6.99	7
7	7
7.01	7
7.02	7
7.03	7
7.04	7
7.05	7
7.06	7
7.07	7
7.08	7
7.09	7
7.1	7
7.11	7
7.12	7
7.13	7
7.14	7
7.15	7
7.16	7
7.17	7
7.18	7
7.19	7
7.2	7
7.21	7
7.22	7
7.23	7
7.24	7
7.25	7
7.26	7
7.27	7
7.28	7
7.29	7
7.3	7
7.31	7
7.32	7
7.33	7
7.34	7
7.35	7
7.36	7
7.37	7
7.38	7
7.39	7
7.4	7
7.41	7
7.42	7
7.43	7
7.44	7
7.45	7
7.46	7
7.47	7
7.48	7
7.49	7
7.5	7
7.51	7
7.52	7
7.53	7
7.54	7
7.55	7
7.56	7
7.57	7
7.58	7
7.59	7
7.6	7
7.61	7
7.62	7
7.63	7
7.64	7
7.65	7
7.66	7
7.67	7
7.68	7
7.69	7
7.7	7
7.71	7
7.72	7
7.73	7
7.74	7
7.75	7
7.76	7
7.77	7
7.78	7
7.79	7
7.8	7
7.81	7
7.82	7
7.83	7
7.84	7
7.85	7
7.86	7
7.87	7
7.88	7
7.89	7
7.9	7
7.91	7
7.92	7
7.93	7
7.94	7
7.95	7
7.96	7
7.97	7
7.98	7
7.99	7
8	7
8.01	7
8.02	7
8.03	7
8.04	7
8.05	7
8.06	7
8.07	7
8.08	7
8.09	7
8.1	7
8.11	7
8.12	7
8.13	7
8.14	7
8.15	7
8.16	7
8.17	7
8.18	7
8.19	7
8.2	7
8.21	7
8.22	7
8.23	7
8.24	7
8.25	7
8.26	7
8.27	7
8.28	7
8.29	7
8.3	7
8.31	7
8.32	7
8.33	7
8.34	7
8.35	7
8.36	7
8.37	7
8.38	7
8.39	7
8.4	7
8.41	7
8.42	7
8.43	7
8.44	7
8.45	7
8.46	7
8.47	7
8.48	7
8.49	7
8.5	7
8.51	7
8.52	7
8.53	7
8.54	7
8.55	7
8.56	7
8.57	7
8.58	7
8.59	7
8.6	7
8.61	7
8.62	7
8.63	7
8.64	7
8.65	7
8.66	7
8.67	7
8.68	7
8.69	7
8.7	7
8.71	7
8.72	7
8.73	7
8.74	7
8.75	7
8.76	7
8.77	7
8.78	7
8.79	7
8.8	7
8.81	7
8.82	7
8.83	7
8.84	7
8.85	7
8.86	7
8.87	7
8.88	7
8.89	7
8.9	7
8.91	7
8.92	7
8.93	7
8.94	7
8.95	7
8.96	7
8.97	7
8.98	7
8.99	7
9	7
9.01	7
9.02	7
9.03	7
9.04	7
9.05	7
9.06	7
9.07	7
9.08	7
9.09	7
9.1	7
9.11	7
9.12	7
9.13	7
9.14	7
9.15	7
9.16	7
9.17	7
9.18	7
9.19	7
9.2	7
9.21	7
9.22	7
9.23	7
9.24	7
9.25	7
9.26	7
9.27	7
9.28	7
9.29	7
9.3	7
9.31	7
9.32	7
9.33	7
9.34	7
9.35	7
9.36	7
9.37	7
9.38	7
9.39	7
9.4	7
9.41	7
9.42	7
9.43	7
9.44	7
9.45	7
9.46	7
9.47	7
9.48	7
9.49	7
9.5	7
9.51	7
9.52	7
9.53	7
9.54	7
9.55	7
9.56	7
9.57	7
9.58	7
9.59	7
9.6	7
9.61	7
9.62	7
9.63	7
9.64	7
9.65	7
9.66	7
9.67	7
9.68	7
9.69	7
9.7	7
9.71	7
9.72	7
9.73	7
9.74	7
9.75	7
9.76	7
9.77	7
9.78	7
9.79	7
9.8	7
9.81	7
9.82	7
9.83	7
9.84	7
9.85	7
9.86	7
9.87	7
9.88	7
9.89	7
9.9	7
9.91	7
9.92	7
9.93	7
9.94	7
9.95	7
9.96	7
9.97	7
9.98	7
9.99	7
10	7
10.01	7
10.02	7
10.03	7
10.04	7
10.05	7
10.06	7
10.07	7
10.08	7
10.09	7
10.1	7
10.11	7
10.12	7
10.13	7
10.14	7
10.15	7
10.16	7
10.17	7
10.18	7
10.19	7
10.2	7
10.21	7
10.22	7
10.23	7
10.24	7
10.25	7
10.26	7
10.27	7
10.28	7
10.29	7
10.3	7
10.31	7
10.32	7
10.33	7
10.34	7
10.35	7
10.36	7
10.37	7
10.38	7
10.39	7
10.4	7
10.41	7
10.42	7
10.43	7
10.44	7
10.45	7
10.46	7
10.47	7
10.48	7
10.49	7
10.5	7
10.51	7
10.52	7
10.53	7
10.54	7
10.55	7
10.56	7
10.57	7
10.58	7
10.59	7
10.6	7
10.61	7
10.62	7
10.63	7
10.64	7
10.65	7
10.66	7
10.67	7
10.68	7
10.69	7
10.7	7
10.71	7
10.72	7
10.73	7
10.74	7
10.75	7
10.76	7
10.77	7
10.78	7
10.79	7
10.8	7
10.81	7
10.82	7
10.83	7
10.84	7
10.85	7
10.86	7
10.87	7
10.88	7
10.89	7
10.9	7
10.91	7
10.92	7
10.93	7
10.94	7
10.95	7
10.96	7
10.97	7
10.98	7
10.99	7
11	7
11.01	7
11.02	7
11.03	7
11.04	7
11.05	7
11.06	7
11.07	7
11.08	7
11.09	7
11.1	7
11.11	7
11.12	7
11.13	7
11.14	7
11.15	7
11.16	7
11.17	7
11.18	7
11.19	7
11.2	7
11.21	7
11.22	7
11.23	7
11.24	7
11.25	7
11.26	7
11.27	7
11.28	7
11.29	7
11.3	7
11.31	7
11.32	7
11.33	7
11.34	7
11.35	7
11.36	7
11.37	7
11.38	7
11.39	7
11.4	7
11.41	7
11.42	7
11.43	7
11.44	7
11.45	7
11.46	7
11.47	7
11.48	7
11.49	7
11.5	7
11.51	7
11.52	7
11.53	7
11.54	7
11.55	7
11.56	7
11.57	7
11.58	7
11.59	7
11.6	7
11.61	7
11.62	7
11.63	7
11.64	7
11.65	7
11.66	7
11.67	7
11.68	7
11.69	7
11.7	7
11.71	7
11.72	7
11.73	7
11.74	7
11.75	7
11.76	7
11.77	7
11.78	7
11.79	7
11.8	7
11.81	7
11.82	7
11.83	7
11.84	7
11.85	7
11.86	7
11.87	7
11.88	7
11.89	7
11.9	7
11.91	7
11.92	7
11.93	7
11.94	7
11.95	7
11.96	7
11.97	7
11.98	7
11.99	7
12	7
12.01	7
12.02	7
12.03	7
12.04	7
12.05	7
12.06	7
12.07	7
12.08	7
12.09	7
12.1	7
12.11	7
12.12	7
12.13	7
12.14	7
12.15	7
12.16	7
12.17	7
12.18	7
12.19	7
12.2	7
12.21	7
12.22	7
12.23	7
12.24	7
12.25	7
12.26	7
12.27	7
12.28	7
12.29	7
12.3	7
12.31	7
12.32	7
12.33	7
12.34	7
12.35	7
12.36	7
12.37	7
12.38	7
12.39	7
12.4	7
12.41	7
12.42	7
12.43	7
12.44	7
12.45	7
12.46	7
12.47	7
12.48	7
12.49	7
12.5	7
12.51	7
12.52	7
12.53	7
12.54	7
12.55	7
12.56	7
12.57	7
12.58	7
12.59	7
12.6	7
12.61	7
12.62	7
12.63	7
12.64	7
12.65	7
12.66	7
12.67	7
12.68	7
12.69	7
12.7	7
12.71	7
12.72	7
12.73	7
12.74	7
12.75	7
12.76	7
12.77	7
12.78	7
12.79	7
12.8	7
12.81	7
12.82	7
12.83	7
12.84	7
12.85	7
12.86	7
12.87	7
12.88	7
12.89	7
12.9	7
12.91	7
12.92	7
12.93	7
12.94	7
12.95	7
12.96	7
12.97	7
12.98	7
12.99	7
13	7
13.01	7
13.02	7
13.03	7
13.04	7
13.05	7
13.06	7
13.07	7
13.08	7
13.09	7
13.1	7
13.11	7
13.12	7
13.13	7
13.14	7
13.15	7
13.16	7
13.17	7
13.18	7
13.19	7
13.2	7
13.21	7
13.22	7
13.23	7
13.24	7
13.25	7
13.26	7
13.27	7
13.28	7
13.29	7
13.3	7
13.31	7
13.32	7
13.33	7
13.34	7
13.35	7
13.36	7
13.37	7
13.38	7
13.39	7
13.4	7
13.41	7
13.42	7
13.43	7
13.44	7
13.45	7
13.46	7
13.47	7
13.48	7
13.49	7
13.5	7
13.51	7
13.52	7
13.53	7
13.54	7
13.55	7
13.56	7
13.57	7
13.58	7
13.59	7
13.6	7
13.61	7
13.62	7
13.63	7
13.64	7
13.65	7
13.66	7
13.67	7
13.68	7
13.69	7
13.7	7
13.71	7
13.72	7
13.73	7
13.74	7
13.75	7
13.76	7
13.77	7
13.78	7
13.79	7
13.8	7
13.81	7
13.82	7
13.83	7
13.84	7
13.85	7
13.86	7
13.87	7
13.88	7
13.89	7
13.9	7
13.91	7
13.92	7
13.93	7
13.94	7
13.95	7
13.96	7
13.97	7
13.98	7
13.99	7
14	7
14.01	7
14.02	7
14.03	7
14.04	7
14.05	7
14.06	7
14.07	7
14.08	7
14.09	7
14.1	7
14.11	7
14.12	7
14.13	7
14.14	7
14.15	7
14.16	7
14.17	7
14.18	7
14.19	7
14.2	7
14.21	7
14.22	7
14.23	7
14.24	7
14.25	7
14.26	7
14.27	7
14.28	7
14.29	7
14.3	7
14.31	7
14.32	7
14.33	7
14.34	7
14.35	7
14.36	7
14.37	7
14.38	7
14.39	7
14.4	7
14.41	7
14.42	7
14.43	7
14.44	7
14.45	7
14.46	7
14.47	7
14.48	7
14.49	7
14.5	7
14.51	7
14.52	7
14.53	7
14.54	7
14.55	7
14.56	7
14.57	7
14.58	7
14.59	7
14.6	7
14.61	7
14.62	7
14.63	7
14.64	7
14.65	7
14.66	7
14.67	7
14.68	7
14.69	7
14.7	7
14.71	7
14.72	7
14.73	7
14.74	7
14.75	7
14.76	7
14.77	7
14.78	7
14.79	7
14.8	7
14.81	7
14.82	7
14.83	7
14.84	7
14.85	7
14.86	7
14.87	7
14.88	7
14.89	7
14.9	7
14.91	7
14.92	7
14.93	7
14.94	7
14.95	7
14.96	7
14.97	7
14.98	7
14.99	7
15	7
15.01	7
15.02	7
15.03	7
15.04	7
15.05	7
15.06	7
15.07	7
15.08	7
15.09	7
15.1	7
15.11	7
15.12	7
15.13	7
15.14	7
15.15	7
15.16	7
15.17	7
15.18	7
15.19	7
15.2	7
15.21	7
15.22	7
15.23	7
15.24	7
15.25	7
15.26	7
15.27	7
15.28	7
15.29	7
15.3	7
15.31	7
15.32	7
15.33	7
15.34	7
15.35	7
15.36	7
15.37	7
15.38	7
15.39	7
15.4	7
15.41	7
15.42	7
15.43	7
15.44	7
15.45	7
15.46	7
15.47	7
15.48	7
15.49	7
15.5	7
15.51	7
15.52	7
15.53	7
15.54	7
15.55	7
15.56	7
15.57	7
15.58	7
15.59	7
15.6	7
15.61	7
15.62	7
15.63	7
15.64	7
15.65	7
15.66	7
15.67	7
15.68	7
15.69	7
15.7	7
15.71	7
15.72	7
15.73	7
15.74	7
15.75	7
15.76	7
15.77	7
15.78	7
15.79	7
15.8	7
15.81	7
15.82	7
15.83	7
15.84	7
15.85	7
15.86	7
15.87	7
15.88	7
15.89	7
15.9	7
15.91	7
15.92	7
15.93	7
15.94	7
15.95	7
15.96	7
15.97	7
15.98	7
15.99	7
16	7
16.01	7
16.02	7
16.03	7
16.04	7
16.05	7
16.06	7
16.07	7
16.08	7
16.09	7
16.1	7
16.11	7
16.12	7
16.13	7
16.14	7
16.15	7
16.16	7
16.17	7
16.18	7
16.19	7
16.2	7
16.21	7
16.22	7
16.23	7
16.24	7
16.25	7
16.26	7
16.27	7
16.28	7
16.29	7
16.3	7
16.31	7
16.32	7
16.33	7
16.34	7
16.35	7
16.36	7
16.37	7
16.38	7
16.39	7
16.4	7
16.41	7
16.42	7
16.43	7
16.44	7
16.45	7
16.46	7
16.47	7
16.48	7
16.49	7
16.5	7
16.51	7
16.52	7
16.53	7
16.54	7
16.55	7
16.56	7
16.57	7
16.58	7
16.59	7
16.6	7
16.61	7
16.62	7
16.63	7
16.64	7
16.65	7
16.66	7
16.67	7
16.68	7
16.69	7
16.7	7
16.71	7
16.72	7
16.73	7
16.74	7
16.75	7
16.76	7
16.77	7
16.78	7
16.79	7
16.8	7
16.81	7
16.82	7
16.83	7
16.84	7
16.85	7
16.86	7
16.87	7
16.88	7
16.89	7
16.9	7
16.91	7
16.92	7
16.93	7
16.94	7
16.95	7
16.96	7
16.97	7
16.98	7
16.99	7
17	7
17.01	7
17.02	7
17.03	7
17.04	7
17.05	7
17.06	7
17.07	7
17.08	7
17.09	7
17.1	7
17.11	7
17.12	7
17.13	7
17.14	7
17.15	7
17.16	7
17.17	7
17.18	7
17.19	7
17.2	7
17.21	7
17.22	7
17.23	7
17.24	7
17.25	7
17.26	7
17.27	7
17.28	7
17.29	7
17.3	7
17.31	7
17.32	7
17.33	7
17.34	7
17.35	7
17.36	7
17.37	7
17.38	7
17.39	7
17.4	7
17.41	7
17.42	7
17.43	7
17.44	7
17.45	7
17.46	7
17.47	7
17.48	7
17.49	7
17.5	7
17.51	7
17.52	7
17.53	7
17.54	7
17.55	7
17.56	7
17.57	7
17.58	7
17.59	7
17.6	7
17.61	7
17.62	7
17.63	7
17.64	7
17.65	7
17.66	7
17.67	7
17.68	7
17.69	7
17.7	7
17.71	7
17.72	7
17.73	7
17.74	7
17.75	7
17.76	7
17.77	7
17.78	7
17.79	7
17.8	7
17.81	7
17.82	7
17.83	7
17.84	7
17.85	7
17.86	7
17.87	7
17.88	7
17.89	7
17.9	7
17.91	7
17.92	7
17.93	7
17.94	7
17.95	7
17.96	7
17.97	7
17.98	7
17.99	7
18	7
18.01	7
18.02	7
18.03	7
18.04	7
18.05	7
18.06	7
18.07	7
18.08	7
18.09	7
18.1	7
18.11	7
18.12	7
18.13	7
18.14	7
18.15	7
18.16	7
18.17	7
18.18	7
18.19	7
18.2	7
18.21	7
18.22	7
18.23	7
18.24	7
18.25	7
18.26	7
18.27	7
18.28	7
18.29	7
18.3	7
18.31	7
18.32	7
18.33	7
18.34	7
18.35	7
18.36	7
18.37	7
18.38	7
18.39	7
18.4	7
18.41	7
18.42	7
18.43	7
18.44	7
18.45	7
18.46	7
18.47	7
18.48	7
18.49	7
18.5	7
18.51	7
18.52	7
18.53	7
18.54	7
18.55	7
18.56	7
18.57	7
18.58	7
18.59	7
18.6	7
18.61	7
18.62	7
18.63	7
18.64	7
18.65	7
18.66	7
18.67	7
18.68	7
18.69	7
18.7	7
18.71	7
18.72	7
18.73	7
18.74	7
18.75	7
18.76	7
18.77	7
18.78	7
18.79	7
18.8	7
18.81	7
18.82	7
18.83	7
18.84	7
18.85	7
18.86	7
18.87	7
18.88	7
18.89	7
18.9	7
18.91	7
18.92	7
18.93	7
18.94	7
18.95	7
18.96	7
18.97	7
18.98	7
18.99	7
19	7
19.01	7
19.02	7
19.03	7
19.04	7
19.05	7
19.06	7
19.07	7
19.08	7
19.09	7
19.1	7
19.11	7
19.12	7
19.13	7
19.14	7
19.15	7
19.16	7
19.17	7
19.18	7
19.19	7
19.2	7
19.21	7
19.22	7
19.23	7
19.24	7
19.25	7
19.26	7
19.27	7
19.28	7
19.29	7
19.3	7
19.31	7
19.32	7
19.33	7
19.34	7
19.35	7
19.36	7
19.37	7
19.38	7
19.39	7
19.4	7
19.41	7
19.42	7
19.43	7
19.44	7
19.45	7
19.46	7
19.47	7
19.48	7
19.49	7
19.5	7
19.51	7
19.52	7
19.53	7
19.54	7
19.55	7
19.56	7
19.57	7
19.58	7
19.59	7
19.6	7
19.61	7
19.62	7
19.63	7
19.64	7
19.65	7
19.66	7
19.67	7
19.68	7
19.69	7
19.7	7
19.71	7
19.72	7
19.73	7
19.74	7
19.75	7
19.76	7
19.77	7
19.78	7
19.79	7
19.8	7
19.81	7
19.82	7
19.83	7
19.84	7
19.85	7
19.86	7
19.87	7
19.88	7
19.89	7
19.9	7
19.91	7
19.92	7
19.93	7
19.94	7
19.95	7
19.96	7
19.97	7
19.98	7
19.99	7
20	7
20.01	7
20.02	7
20.03	7
20.04	7
20.05	7
20.06	7
20.07	7
20.08	7
20.09	7
20.1	7
20.11	7
20.12	7
20.13	7
20.14	7
20.15	7
20.16	7
20.17	7
20.18	7
20.19	7
20.2	7
20.21	7
20.22	7
20.23	7
20.24	7
20.25	7
20.26	7
20.27	7
20.28	7
20.29	7
20.3	7
20.31	7
20.32	7
20.33	7
20.34	7
20.35	7
20.36	7
20.37	7
20.38	7
20.39	7
20.4	7
20.41	7
20.42	7
20.43	7
20.44	7
20.45	7
20.46	7
20.47	7
20.48	7
20.49	7
20.5	7
20.51	7
20.52	7
20.53	7
20.54	7
20.55	7
20.56	7
20.57	7
20.58	7
20.59	7
20.6	7
20.61	7
20.62	7
20.63	7
20.64	7
20.65	7
20.66	7
20.67	7
20.68	7
20.69	7
20.7	7
20.71	7
20.72	7
20.73	7
20.74	7
20.75	7
20.76	7
20.77	7
20.78	7
20.79	7
20.8	7
20.81	7
20.82	7
20.83	7
20.84	7
20.85	7
20.86	7
20.87	7
20.88	7
20.89	7
20.9	7
20.91	7
20.92	7
20.93	7
20.94	7
20.95	7
20.96	7
20.97	7
20.98	7
20.99	7
21	7
21.01	7
21.02	7
21.03	7
21.04	7
21.05	7
21.06	7
21.07	7
21.08	7
21.09	7
21.1	7
21.11	7
21.12	7
21.13	7
21.14	7
21.15	7
21.16	7
21.17	7
21.18	7
21.19	7
21.2	7
21.21	7
21.22	7
21.23	7
21.24	7
21.25	7
21.26	7
21.27	7
21.28	7
21.29	7
21.3	7
21.31	7
21.32	7
21.33	7
21.34	7
21.35	7
21.36	7
21.37	7
21.38	7
21.39	7
21.4	7
21.41	7
21.42	7
21.43	7
21.44	7
21.45	7
21.46	7
21.47	7
21.48	7
21.49	7
21.5	7
21.51	7
21.52	7
21.53	7
21.54	7
21.55	7
21.56	7
21.57	7
21.58	7
21.59	7
21.6	7
21.61	7
21.62	7
21.63	7
21.64	7
21.65	7
21.66	7
21.67	7
21.68	7
21.69	7
21.7	7
21.71	7
21.72	7
21.73	7
21.74	7
21.75	7
21.76	7
21.77	7
21.78	7
21.79	7
21.8	7
21.81	7
21.82	7
21.83	7
21.84	7
21.85	7
21.86	7
21.87	7
21.88	7
21.89	7
21.9	7
21.91	7
21.92	7
21.93	7
21.94	7
21.95	7
21.96	7
21.97	7
21.98	7
21.99	7
22	7
22.01	7
22.02	7
22.03	7
22.04	7
22.05	7
22.06	7
22.07	7
22.08	7
22.09	7
22.1	7
22.11	7
22.12	7
22.13	7
22.14	7
22.15	7
22.16	7
22.17	7
22.18	7
22.19	7
22.2	7
22.21	7
22.22	7
22.23	7
22.24	7
22.25	7
22.26	7
22.27	7
22.28	7
22.29	7
22.3	7
22.31	7
22.32	7
22.33	7
22.34	7
22.35	7
22.36	7
22.37	7
22.38	7
22.39	7
22.4	7
22.41	7
22.42	7
22.43	7
22.44	7
22.45	7
22.46	7
22.47	7
22.48	7
22.49	7
22.5	7
22.51	7
22.52	7
22.53	7
22.54	7
22.55	7
22.56	7
22.57	7
22.58	7
22.59	7
22.6	7
22.61	7
22.62	7
22.63	7
22.64	7
22.65	7
22.66	7
22.67	7
22.68	7
22.69	7
22.7	7
22.71	7
22.72	7
22.73	7
22.74	7
22.75	7
22.76	7
22.77	7
22.78	7
22.79	7
22.8	7
22.81	7
22.82	7
22.83	7
22.84	7
22.85	7
22.86	7
22.87	7
22.88	7
22.89	7
22.9	7
22.91	7
22.92	7
22.93	7
22.94	7
22.95	7
22.96	7
22.97	7
22.98	7
22.99	7
23	7
23.01	7
23.02	7
23.03	7
23.04	7
23.05	7
23.06	7
23.07	7
23.08	7
23.09	7
23.1	7
23.11	7
23.12	7
23.13	7
23.14	7
23.15	7
23.16	7
23.17	7
23.18	7
23.19	7
23.2	7
23.21	7
23.22	7
23.23	7
23.24	7
23.25	7
23.26	7
23.27	7
23.28	7
23.29	7
23.3	7
23.31	7
23.32	7
23.33	7
23.34	7
23.35	7
23.36	7
23.37	7
23.38	7
23.39	7
23.4	7
23.41	7
23.42	7
23.43	7
23.44	7
23.45	7
23.46	7
23.47	7
23.48	7
23.49	7
23.5	7
23.51	7
23.52	7
23.53	7
23.54	7
23.55	7
23.56	7
23.57	7
23.58	7
23.59	7
23.6	7
23.61	7
23.62	7
23.63	7
23.64	7
23.65	7
23.66	7
23.67	7
23.68	7
23.69	7
23.7	7
23.71	7
23.72	7
23.73	7
23.74	7
23.75	7
23.76	7
23.77	7
23.78	7
23.79	7
23.8	7
23.81	7
23.82	7
23.83	7
23.84	7
23.85	7
23.86	7
23.87	7
23.88	7
23.89	7
23.9	7
23.91	7
23.92	7
23.93	7
23.94	7
23.95	7
23.96	7
23.97	7
23.98	7
23.99	7
24	7
24.01	7
24.02	7
24.03	7
24.04	7
24.05	7
24.06	7
24.07	7
24.08	7
24.09	7
24.1	7
24.11	7
24.12	7
24.13	7
24.14	7
24.15	7
24.16	7
24.17	7
24.18	7
24.19	7
24.2	7
24.21	7
24.22	7
24.23	7
24.24	7
24.25	7
24.26	7
24.27	7
24.28	7
24.29	7
24.3	7
24.31	7
24.32	7
24.33	7
24.34	7
24.35	7
24.36	7
24.37	7
24.38	7
24.39	7
24.4	7
24.41	7
24.42	7
24.43	7
24.44	7
24.45	7
24.46	7
24.47	7
24.48	7
24.49	7
24.5	7
24.51	7
24.52	7
24.53	7
24.54	7
24.55	7
24.56	7
24.57	7
24.58	7
24.59	7
24.6	7
24.61	7
24.62	7
24.63	7
24.64	7
24.65	7
24.66	7
24.67	7
24.68	7
24.69	7
24.7	7
24.71	7
24.72	7
24.73	7
24.74	7
24.75	7
24.76	7
24.77	7
24.78	7
24.79	7
24.8	7
24.81	7
24.82	7
24.83	7
24.84	7
24.85	7
24.86	7
24.87	7
24.88	7
24.89	7
24.9	7
24.91	7
24.92	7
24.93	7
24.94	7
24.95	7
24.96	7
24.97	7
24.98	7
24.99	7
25	7
25.01	7
25.02	7
25.03	7
25.04	7
25.05	7
25.06	7
25.07	7
25.08	7
25.09	7
25.1	7
25.11	7
25.12	7
25.13	7
25.14	7
25.15	7
25.16	7
25.17	7
25.18	7
25.19	7
25.2	7
25.21	7
25.22	7
25.23	7
25.24	7
25.25	7
25.26	7
25.27	7
25.28	7
25.29	7
25.3	7
25.31	7
25.32	7
25.33	7
25.34	7
25.35	7
25.36	7
25.37	7
25.38	7
25.39	7
25.4	7
25.41	7
25.42	7
25.43	7
25.44	7
25.45	7
25.46	7
25.47	7
25.48	7
25.49	7
25.5	7
25.51	7
25.52	7
25.53	7
25.54	7
25.55	7
25.56	7
25.57	7
25.58	7
25.59	7
25.6	7
25.61	7
25.62	7
25.63	7
25.64	7
25.65	7
25.66	7
25.67	7
25.68	7
25.69	7
25.7	7
25.71	7
25.72	7
25.73	7
25.74	7
25.75	7
25.76	7
25.77	7
25.78	7
25.79	7
25.8	7
25.81	7
25.82	7
25.83	7
25.84	7
25.85	7
25.86	7
25.87	7
25.88	7
25.89	7
25.9	7
25.91	7
25.92	7
25.93	7
25.94	7
25.95	7
25.96	7
25.97	7
25.98	7
25.99	7
26	7
26.01	7
26.02	7
26.03	7
26.04	7
26.05	7
26.06	7
26.07	7
26.08	7
26.09	7
26.1	7
26.11	7
26.12	7
26.13	7
26.14	7
26.15	7
26.16	7
26.17	7
26.18	7
26.19	7
26.2	7
26.21	7
26.22	7
26.23	7
26.24	7
26.25	7
26.26	7
26.27	7
26.28	7
26.29	7
26.3	7
26.31	7
26.32	7
26.33	7
26.34	7
26.35	7
26.36	7
26.37	7
26.38	7
26.39	7
26.4	7
26.41	7
26.42	7
26.43	7
26.44	7
26.45	7
26.46	7
26.47	7
26.48	7
26.49	7
26.5	7
26.51	7
26.52	7
26.53	7
26.54	7
26.55	7
26.56	7
26.57	7
26.58	7
26.59	7
26.6	7
26.61	7
26.62	7
26.63	7
26.64	7
26.65	7
26.66	7
26.67	7
26.68	7
26.69	7
26.7	7
26.71	7
26.72	7
26.73	7
26.74	7
26.75	7
26.76	7
26.77	7
26.78	7
26.79	7
26.8	7
26.81	7
26.82	7
26.83	7
26.84	7
26.85	7
26.86	7
26.87	7
26.88	7
26.89	7
26.9	7
26.91	7
26.92	7
26.93	7
26.94	7
26.95	7
26.96	7
26.97	7
26.98	7
26.99	7
27	7
27.01	7
27.02	7
27.03	7
27.04	7
27.05	7
27.06	7
27.07	7
27.08	7
27.09	7
27.1	7
27.11	7
27.12	7
27.13	7
27.14	7
27.15	7
27.16	7
27.17	7
27.18	7
27.19	7
27.2	7
27.21	7
27.22	7
27.23	7
27.24	7
27.25	7
27.26	7
27.27	7
27.28	7
27.29	7
27.3	7
27.31	7
27.32	7
27.33	7
27.34	7
27.35	7
27.36	7
27.37	7
27.38	7
27.39	7
27.4	7
27.41	7
27.42	7
27.43	7
27.44	7
27.45	7
27.46	7
27.47	7
27.48	7
27.49	7
27.5	7
27.51	7
27.52	7
27.53	7
27.54	7
27.55	7
27.56	7
27.57	7
27.58	7
27.59	7
27.6	7
27.61	7
27.62	7
27.63	7
27.64	7
27.65	7
27.66	7
27.67	7
27.68	7
27.69	7
27.7	7
27.71	7
27.72	7
27.73	7
27.74	7
27.75	7
27.76	7
27.77	7
27.78	7
27.79	7
27.8	7
27.81	7
27.82	7
27.83	7
27.84	7
27.85	7
27.86	7
27.87	7
27.88	7
27.89	7
27.9	7
27.91	7
27.92	7
27.93	7
27.94	7
27.95	7
27.96	7
27.97	7
27.98	7
27.99	7
28	7
28.01	7
28.02	7
28.03	7
28.04	7
28.05	7
28.06	7
28.07	7
28.08	7
28.09	7
28.1	7
28.11	7
28.12	7
28.13	7
28.14	7
28.15	7
28.16	7
28.17	7
28.18	7
28.19	7
28.2	7
28.21	7
28.22	7
28.23	7
28.24	7
28.25	7
28.26	7
28.27	7
28.28	7
28.29	7
28.3	7
28.31	7
28.32	7
28.33	7
28.34	7
28.35	7
28.36	7
28.37	7
28.38	7
28.39	7
28.4	7
28.41	7
28.42	7
28.43	7
28.44	7
28.45	7
28.46	7
28.47	7
28.48	7
28.49	7
28.5	7
28.51	7
28.52	7
28.53	7
28.54	7
28.55	7
28.56	7
28.57	7
28.58	7
28.59	7
28.6	7
28.61	7
28.62	7
28.63	7
28.64	7
28.65	7
28.66	7
28.67	7
28.68	7
28.69	7
28.7	7
28.71	7
28.72	7
28.73	7
28.74	7
28.75	7
28.76	7
28.77	7
28.78	7
28.79	7
28.8	7
28.81	7
28.82	7
28.83	7
28.84	7
28.85	7
28.86	7
28.87	7
28.88	7
28.89	7
28.9	7
28.91	7
28.92	7
28.93	7
28.94	7
28.95	7
28.96	7
28.97	7
28.98	7
28.99	7
29	7
29.01	7
29.02	7
29.03	7
29.04	7
29.05	7
29.06	7
29.07	7
29.08	7
29.09	7
29.1	7
29.11	7
29.12	7
29.13	7
29.14	7
29.15	7
29.16	7
29.17	7
29.18	7
29.19	7
29.2	7
29.21	7
29.22	7
29.23	7
29.24	7
29.25	7
29.26	7
29.27	7
29.28	7
29.29	7
29.3	7
29.31	7
29.32	7
29.33	7
29.34	7
29.35	7
29.36	7
29.37	7
29.38	7
29.39	7
29.4	7
29.41	7
29.42	7
29.43	7
29.44	7
29.45	7
29.46	7
29.47	7
29.48	7
29.49	7
29.5	7
29.51	7
29.52	7
29.53	7
29.54	7
29.55	7
29.56	7
29.57	7
29.58	7
29.59	7
29.6	7
29.61	7
29.62	7
29.63	7
29.64	7
29.65	7
29.66	7
29.67	7
29.68	7
29.69	7
29.7	7
29.71	7
29.72	7
29.73	7
29.74	7
29.75	7
29.76	7
29.77	7
29.78	7
29.79	7
29.8	7
29.81	7
29.82	7
29.83	7
29.84	7
29.85	7
29.86	7
29.87	7
29.88	7
29.89	7
29.9	7
29.91	7
29.92	7
29.93	7
29.94	7
29.95	7
29.96	7
29.97	7
29.98	7
29.99	7
30	7
30.01	7
30.02	7
30.03	7
30.04	7
30.05	7
30.06	7
30.07	7
30.08	7
30.09	7
30.1	7
30.11	7
30.12	7
30.13	7
30.14	7
30.15	7
30.16	7
30.17	7
30.18	7
30.19	7
30.2	7
30.21	7
30.22	7
30.23	7
30.24	7
30.25	7
30.26	7
30.27	7
30.28	7
30.29	7
30.3	7
30.31	7
30.32	7
30.33	7
30.34	7
30.35	7
30.36	7
30.37	7
30.38	7
30.39	7
30.4	7
30.41	7
30.42	7
30.43	7
30.44	7
30.45	7
30.46	7
30.47	7
30.48	7
30.49	7
30.5	7
30.51	7
30.52	7
30.53	7
30.54	7
30.55	7
30.56	7
30.57	7
30.58	7
30.59	7
30.6	7
30.61	7
30.62	7
30.63	7
30.64	7
30.65	7
30.66	7
30.67	7
30.68	7
30.69	7
30.7	7
30.71	7
30.72	7
30.73	7
30.74	7
30.75	7
30.76	7
30.77	7
30.78	7
30.79	7
30.8	7
30.81	7
30.82	7
30.83	7
30.84	7
30.85	7
30.86	7
30.87	7
30.88	7
30.89	7
30.9	7
30.91	7
30.92	7
30.93	7
30.94	7
30.95	7
30.96	7
30.97	7
30.98	7
30.99	7
31	7
31.01	7
31.02	7
31.03	7
31.04	7
31.05	7
31.06	7
31.07	7
31.08	7
31.09	7
31.1	7
31.11	7
31.12	7
31.13	7
31.14	7
31.15	7
31.16	7
31.17	7
31.18	7
31.19	7
31.2	7
31.21	7
31.22	7
31.23	7
31.24	7
31.25	7
31.26	7
31.27	7
31.28	7
31.29	7
31.3	7
31.31	7
31.32	7
31.33	7
31.34	7
31.35	7
31.36	7
31.37	7
31.38	7
31.39	7
31.4	7
31.41	7
31.42	7
31.43	7
31.44	7
31.45	7
31.46	7
31.47	7
31.48	7
31.49	7
31.5	7
31.51	7
31.52	7
31.53	7
31.54	7
31.55	7
31.56	7
31.57	7
31.58	7
31.59	7
31.6	7
31.61	7
31.62	7
31.63	7
31.64	7
31.65	7
31.66	7
31.67	7
31.68	7
31.69	7
31.7	7
31.71	7
31.72	7
31.73	7
31.74	7
31.75	7
31.76	7
31.77	7
31.78	7
31.79	7
31.8	7
31.81	7
31.82	7
31.83	7
31.84	7
31.85	7
31.86	7
31.87	7
31.88	7
31.89	7
31.9	7
31.91	7
31.92	7
31.93	7
31.94	7
31.95	7
31.96	7
31.97	7
31.98	7
31.99	7
32	7
32.01	7
32.02	7
32.03	7
32.04	7
32.05	7
32.06	7
32.07	7
32.08	7
32.09	7
32.1	7
32.11	7
32.12	7
32.13	7
32.14	7
32.15	7
32.16	7
32.17	7
32.18	7
32.19	7
32.2	7
32.21	7
32.22	7
32.23	7
32.24	7
32.25	7
32.26	7
32.27	7
32.28	7
32.29	7
32.3	7
32.31	7
32.32	7
32.33	7
32.34	7
32.35	7
32.36	7
32.37	7
32.38	7
32.39	7
32.4	7
32.41	7
32.42	7
32.43	7
32.44	7
32.45	7
32.46	7
32.47	7
32.48	7
32.49	7
32.5	7
32.51	7
32.52	7
32.53	7
32.54	7
32.55	7
32.56	7
32.57	7
32.58	7
32.59	7
32.6	7
32.61	7
32.62	7
32.63	7
32.64	7
32.65	7
32.66	7
32.67	7
32.68	7
32.69	7
32.7	7
32.71	7
32.72	7
32.73	7
32.74	7
32.75	7
32.76	7
32.77	7
32.78	7
32.79	7
32.8	7
32.81	7
32.82	7
32.83	7
32.84	7
32.85	7
32.86	7
32.87	7
32.88	7
32.89	7
32.9	7
32.91	7
32.92	7
32.93	7
32.94	7
32.95	7
32.96	7
32.97	7
32.98	7
32.99	7
33	7
33.01	7
33.02	7
33.03	7
33.04	7
33.05	7
33.06	7
33.07	7
33.08	7
33.09	7
33.1	7
33.11	7
33.12	7
33.13	7
33.14	7
33.15	7
33.16	7
33.17	7
33.18	7
33.19	7
33.2	7
33.21	7
33.22	7
33.23	7
33.24	7
33.25	7
33.26	7
33.27	7
33.28	7
33.29	7
33.3	7
33.31	7
33.32	7
33.33	7
33.34	7
33.35	7
33.36	7
33.37	7
33.38	7
33.39	7
33.4	7
33.41	7
33.42	7
33.43	7
33.44	7
33.45	7
33.46	7
33.47	7
33.48	7
33.49	7
33.5	7
33.51	7
33.52	7
33.53	7
33.54	7
33.55	7
33.56	7
33.57	7
33.58	7
33.59	7
33.6	7
33.61	7
33.62	7
33.63	7
33.64	7
33.65	7
33.66	7
33.67	7
33.68	7
33.69	7
33.7	7
33.71	7
33.72	7
33.73	7
33.74	7
33.75	7
33.76	7
33.77	7
33.78	7
33.79	7
33.8	7
33.81	7
33.82	7
33.83	7
33.84	7
33.85	7
33.86	7
33.87	7
33.88	7
33.89	7
33.9	7
33.91	7
33.92	7
33.93	7
33.94	7
33.95	7
33.96	7
33.97	7
33.98	7
33.99	7
34	7
34.01	7
34.02	7
34.03	7
34.04	7
34.05	7
34.06	7
34.07	7
34.08	7
34.09	7
34.1	7
34.11	7
34.12	7
34.13	7
34.14	7
34.15	7
34.16	7
34.17	7
34.18	7
34.19	7
34.2	7
34.21	7
34.22	7
34.23	7
34.24	7
34.25	7
34.26	7
34.27	7
34.28	7
34.29	7
34.3	7
34.31	7
34.32	7
34.33	7
34.34	7
34.35	7
34.36	7
34.37	7
34.38	7
34.39	7
34.4	7
34.41	7
34.42	7
34.43	7
34.44	7
34.45	7
34.46	7
34.47	7
34.48	7
34.49	7
34.5	7
34.51	7
34.52	7
34.53	7
34.54	7
34.55	7
34.56	7
34.57	7
34.58	7
34.59	7
34.6	7
34.61	7
34.62	7
34.63	7
34.64	7
34.65	7
34.66	7
34.67	7
34.68	7
34.69	7
34.7	7
34.71	7
34.72	7
34.73	7
34.74	7
34.75	7
34.76	7
34.77	7
34.78	7
34.79	7
34.8	7
34.81	7
34.82	7
34.83	7
34.84	7
34.85	7
34.86	7
34.87	7
34.88	7
34.89	7
34.9	7
34.91	7
34.92	7
34.93	7
34.94	7
34.95	7
34.96	7
34.97	7
34.98	7
34.99	7
35	7
35.01	7
35.02	7
35.03	7
35.04	7
35.05	7
35.06	7
35.07	7
35.08	7
35.09	7
35.1	7
35.11	7
35.12	7
35.13	7
35.14	7
35.15	7
35.16	7
35.17	7
35.18	7
35.19	7
35.2	7
35.21	7
35.22	7
35.23	7
35.24	7
35.25	7
35.26	7
35.27	7
35.28	7
35.29	7
35.3	7
35.31	7
35.32	7
35.33	7
35.34	7
35.35	7
35.36	7
35.37	7
35.38	7
35.39	7
35.4	7
35.41	7
35.42	7
35.43	7
35.44	7
35.45	7
35.46	7
35.47	7
35.48	7
35.49	7
35.5	7
35.51	7
35.52	7
35.53	7
35.54	7
35.55	7
35.56	7
35.57	7
35.58	7
35.59	7
35.6	7
35.61	7
35.62	7
35.63	7
35.64	7
35.65	7
35.66	7
35.67	7
35.68	7
35.69	7
35.7	7
35.71	7
35.72	7
35.73	7
35.74	7
35.75	7
35.76	7
35.77	7
35.78	7
35.79	7
35.8	7
35.81	7
35.82	7
35.83	7
35.84	7
35.85	7
35.86	7
35.87	7
35.88	7
35.89	7
35.9	7
35.91	7
35.92	7
35.93	7
35.94	7
35.95	7
35.96	7
35.97	7
35.98	7
35.99	7
36	7
36.01	7
36.02	7
36.03	7
36.04	7
36.05	7
36.06	7
36.07	7
36.08	7
36.09	7
36.1	7
36.11	7
36.12	7
36.13	7
36.14	7
36.15	7
36.16	7
36.17	7
36.18	7
36.19	7
36.2	7
36.21	7
36.22	7
36.23	7
36.24	7
36.25	7
36.26	7
36.27	7
36.28	7
36.29	7
36.3	7
36.31	7
36.32	7
36.33	7
36.34	7
36.35	7
36.36	7
36.37	7
36.38	7
36.39	7
36.4	7
36.41	7
36.42	7
36.43	7
36.44	7
36.45	7
36.46	7
36.47	7
36.48	7
36.49	7
36.5	7
36.51	7
36.52	7
36.53	7
36.54	7
36.55	7
36.56	7
36.57	7
36.58	7
36.59	7
36.6	7
36.61	7
36.62	7
36.63	7
36.64	7
36.65	7
36.66	7
36.67	7
36.68	7
36.69	7
36.7	7
36.71	7
36.72	7
36.73	7
36.74	7
36.75	7
36.76	7
36.77	7
36.78	7
36.79	7
36.8	7
36.81	7
36.82	7
36.83	7
36.84	7
36.85	7
36.86	7
36.87	7
36.88	7
36.89	7
36.9	7
36.91	7
36.92	7
36.93	7
36.94	7
36.95	7
36.96	7
36.97	7
36.98	7
36.99	7
37	7
37.01	7
37.02	7
37.03	7
37.04	7
37.05	7
37.06	7
37.07	7
37.08	7
37.09	7
37.1	7
37.11	7
37.12	7
37.13	7
37.14	7
37.15	7
37.16	7
37.17	7
37.18	7
37.19	7
37.2	7
37.21	7
37.22	7
37.23	7
37.24	7
37.25	7
37.26	7
37.27	7
37.28	7
37.29	7
37.3	7
37.31	7
37.32	7
37.33	7
37.34	7
37.35	7
37.36	7
37.37	7
37.38	7
37.39	7
37.4	7
37.41	7
37.42	7
37.43	7
37.44	7
37.45	7
37.46	7
37.47	7
37.48	7
37.49	7
37.5	7
37.51	7
37.52	7
37.53	7
37.54	7
37.55	7
37.56	7
37.57	7
37.58	7
37.59	7
37.6	7
37.61	7
37.62	7
37.63	7
37.64	7
37.65	7
37.66	7
37.67	7
37.68	7
37.69	7
37.7	7
37.71	7
37.72	7
37.73	7
37.74	7
37.75	7
37.76	7
37.77	7
37.78	7
37.79	7
37.8	7
37.81	7
37.82	7
37.83	7
37.84	7
37.85	7
37.86	7
37.87	7
37.88	7
37.89	7
37.9	7
37.91	7
37.92	7
37.93	7
37.94	7
37.95	7
37.96	7
37.97	7
37.98	7
37.99	7
38	7
38.01	7
38.02	7
38.03	7
38.04	7
38.05	7
38.06	7
38.07	7
38.08	7
38.09	7
38.1	7
38.11	7
38.12	7
38.13	7
38.14	7
38.15	7
38.16	7
38.17	7
38.18	7
38.19	7
38.2	7
38.21	7
38.22	7
38.23	7
38.24	7
38.25	7
38.26	7
38.27	7
38.28	7
38.29	7
38.3	7
38.31	7
38.32	7
38.33	7
38.34	7
38.35	7
38.36	7
38.37	7
38.38	7
38.39	7
38.4	7
38.41	7
38.42	7
38.43	7
38.44	7
38.45	7
38.46	7
38.47	7
38.48	7
38.49	7
38.5	7
38.51	7
38.52	7
38.53	7
38.54	7
38.55	7
38.56	7
38.57	7
38.58	7
38.59	7
38.6	7
38.61	7
38.62	7
38.63	7
38.64	7
38.65	7
38.66	7
38.67	7
38.68	7
38.69	7
38.7	7
38.71	7
38.72	7
38.73	7
38.74	7
38.75	7
38.76	7
38.77	7
38.78	7
38.79	7
38.8	7
38.81	7
38.82	7
38.83	7
38.84	7
38.85	7
38.86	7
38.87	7
38.88	7
38.89	7
38.9	7
38.91	7
38.92	7
38.93	7
38.94	7
38.95	7
38.96	7
38.97	7
38.98	7
38.99	7
39	7
39.01	7
39.02	7
39.03	7
39.04	7
39.05	7
39.06	7
39.07	7
39.08	7
39.09	7
39.1	7
39.11	7
39.12	7
39.13	7
39.14	7
39.15	7
39.16	7
39.17	7
39.18	7
39.19	7
39.2	7
39.21	7
39.22	7
39.23	7
39.24	7
39.25	7
39.26	7
39.27	7
39.28	7
39.29	7
39.3	7
39.31	7
39.32	7
39.33	7
39.34	7
39.35	7
39.36	7
39.37	7
39.38	7
39.39	7
39.4	7
39.41	7
39.42	7
39.43	7
39.44	7
39.45	7
39.46	7
39.47	7
39.48	7
39.49	7
39.5	7
39.51	7
39.52	7
39.53	7
39.54	7
39.55	7
39.56	7
39.57	7
39.58	7
39.59	7
39.6	7
39.61	7
39.62	7
39.63	7
39.64	7
39.65	7
39.66	7
39.67	7
39.68	7
39.69	7
39.7	7
39.71	7
39.72	7
39.73	7
39.74	7
39.75	7
39.76	7
39.77	7
39.78	7
39.79	7
39.8	7
39.81	7
39.82	7
39.83	7
39.84	7
39.85	7
39.86	7
39.87	7
39.88	7
39.89	7
39.9	7
39.91	7
39.92	7
39.93	7
39.94	7
39.95	7
39.96	7
39.97	7
39.98	7
39.99	7
40	7
40.01	7
40.02	7
40.03	7
40.04	7
40.05	7
40.06	7
40.07	7
40.08	7
40.09	7
40.1	7
40.11	7
40.12	7
40.13	7
40.14	7
40.15	7
40.16	7
40.17	7
40.18	7
40.19	7
40.2	7
40.21	7
40.22	7
40.23	7
40.24	7
40.25	7
40.26	7
40.27	7
40.28	7
40.29	7
40.3	7
40.31	7
40.32	7
40.33	7
40.34	7
40.35	7
40.36	7
40.37	7
40.38	7
40.39	7
40.4	7
40.41	7
40.42	7
40.43	7
40.44	7
40.45	7
40.46	7
40.47	7
40.48	7
40.49	7
40.5	7
40.51	7
40.52	7
40.53	7
40.54	7
40.55	7
40.56	7
40.57	7
40.58	7
40.59	7
40.6	7
40.61	7
40.62	7
40.63	7
40.64	7
40.65	7
40.66	7
40.67	7
40.68	7
40.69	7
40.7	7
40.71	7
40.72	7
40.73	7
40.74	7
40.75	7
40.76	7
40.77	7
40.78	7
40.79	7
40.8	7
40.81	7
40.82	7
40.83	7
40.84	7
40.85	7
40.86	7
40.87	7
40.88	7
40.89	7
40.9	7
40.91	7
40.92	7
40.93	7
40.94	7
40.95	7
40.96	7
40.97	7
40.98	7
40.99	7
41	7
41.01	7
41.02	7
41.03	7
41.04	7
41.05	7
41.06	7
41.07	7
41.08	7
41.09	7
41.1	7
41.11	7
41.12	7
41.13	7
41.14	7
41.15	7
41.16	7
41.17	7
41.18	7
41.19	7
41.2	7
41.21	7
41.22	7
41.23	7
41.24	7
41.25	7
41.26	7
41.27	7
41.28	7
41.29	7
41.3	7
41.31	7
41.32	7
41.33	7
41.34	7
41.35	7
41.36	7
41.37	7
41.38	7
41.39	7
41.4	7
41.41	7
41.42	7
41.43	7
41.44	7
41.45	7
41.46	7
41.47	7
41.48	7
41.49	7
41.5	7
41.51	7
41.52	7
41.53	7
41.54	7
41.55	7
41.56	7
41.57	7
41.58	7
41.59	7
41.6	7
41.61	7
41.62	7
41.63	7
41.64	7
41.65	7
41.66	7
41.67	7
41.68	7
41.69	7
41.7	7
41.71	7
41.72	7
41.73	7
41.74	7
41.75	7
41.76	7
41.77	7
41.78	7
41.79	7
41.8	7
41.81	7
41.82	7
41.83	7
41.84	7
41.85	7
41.86	7
41.87	7
41.88	7
41.89	7
41.9	7
41.91	7
41.92	7
41.93	7
41.94	7
41.95	7
41.96	7
41.97	7
41.98	7
41.99	7
42	7
42.01	7
42.02	7
42.03	7
42.04	7
42.05	7
42.06	7
42.07	7
42.08	7
42.09	7
42.1	7
42.11	7
42.12	7
42.13	7
42.14	7
42.15	7
42.16	7
42.17	7
42.18	7
42.19	7
42.2	7
42.21	7
42.22	7
42.23	7
42.24	7
42.25	7
42.26	7
42.27	7
42.28	7
42.29	7
42.3	7
42.31	7
42.32	7
42.33	7
42.34	7
42.35	7
42.36	7
42.37	7
42.38	7
42.39	7
42.4	7
42.41	7
42.42	7
42.43	7
42.44	7
42.45	7
42.46	7
42.47	7
42.48	7
42.49	7
42.5	7
42.51	7
42.52	7
42.53	7
42.54	7
42.55	7
42.56	7
42.57	7
42.58	7
42.59	7
42.6	7
42.61	7
42.62	7
42.63	7
42.64	7
42.65	7
42.66	7
42.67	7
42.68	7
42.69	7
42.7	7
42.71	7
42.72	7
42.73	7
42.74	7
42.75	7
42.76	7
42.77	7
42.78	7
42.79	7
42.8	7
42.81	7
42.82	7
42.83	7
42.84	7
42.85	7
42.86	7
42.87	7
42.88	7
42.89	7
42.9	7
42.91	7
42.92	7
42.93	7
42.94	7
42.95	7
42.96	7
42.97	7
42.98	7
42.99	7
43	7
43.01	7
43.02	7
43.03	7
43.04	7
43.05	7
43.06	7
43.07	7
43.08	7
43.09	7
43.1	7
43.11	7
43.12	7
43.13	7
43.14	7
43.15	7
43.16	7
43.17	7
43.18	7
43.19	7
43.2	7
43.21	7
43.22	7
43.23	7
43.24	7
43.25	7
43.26	7
43.27	7
43.28	7
43.29	7
43.3	7
43.31	7
43.32	7
43.33	7
43.34	7
43.35	7
43.36	7
43.37	7
43.38	7
43.39	7
43.4	7
43.41	7
43.42	7
43.43	7
43.44	7
43.45	7
43.46	7
43.47	7
43.48	7
43.49	7
43.5	7
43.51	7
43.52	7
43.53	7
43.54	7
43.55	7
43.56	7
43.57	7
43.58	7
43.59	7
43.6	7
43.61	7
43.62	7
43.63	7
43.64	7
43.65	7
43.66	7
43.67	7
43.68	7
43.69	7
43.7	7
43.71	7
43.72	7
43.73	7
43.74	7
43.75	7
43.76	7
43.77	7
43.78	7
43.79	7
43.8	7
43.81	7
43.82	7
43.83	7
43.84	7
43.85	7
43.86	7
43.87	7
43.88	7
43.89	7
43.9	7
43.91	7
43.92	7
43.93	7
43.94	7
43.95	7
43.96	7
43.97	7
43.98	7
43.99	7
44	7
44.01	7
44.02	7
44.03	7
44.04	7
44.05	7
44.06	7
44.07	7
44.08	7
44.09	7
44.1	7
44.11	7
44.12	7
44.13	7
44.14	7
44.15	7
44.16	7
44.17	7
44.18	7
44.19	7
44.2	7
44.21	7
44.22	7
44.23	7
44.24	7
44.25	7
44.26	7
44.27	7
44.28	7
44.29	7
44.3	7
44.31	7
44.32	7
44.33	7
44.34	7
44.35	7
44.36	7
44.37	7
44.38	7
44.39	7
44.4	7
44.41	7
44.42	7
44.43	7
44.44	7
44.45	7
44.46	7
44.47	7
44.48	7
44.49	7
44.5	7
44.51	7
44.52	7
44.53	7
44.54	7
44.55	7
44.56	7
44.57	7
44.58	7
44.59	7
44.6	7
44.61	7
44.62	7
44.63	7
44.64	7
44.65	7
44.66	7
44.67	7
44.68	7
44.69	7
44.7	7
44.71	7
44.72	7
44.73	7
44.74	7
44.75	7
44.76	7
44.77	7
44.78	7
44.79	7
44.8	7
44.81	7
44.82	7
44.83	7
44.84	7
44.85	7
44.86	7
44.87	7
44.88	7
44.89	7
44.9	7
44.91	7
44.92	7
44.93	7
44.94	7
44.95	7
44.96	7
44.97	7
44.98	7
44.99	7
45	7
45.01	7
45.02	7
45.03	7
45.04	7
45.05	7
45.06	7
45.07	7
45.08	7
45.09	7
45.1	7
45.11	7
45.12	7
45.13	7
45.14	7
45.15	7
45.16	7
45.17	7
45.18	7
45.19	7
45.2	7
45.21	7
45.22	7
45.23	7
45.24	7
45.25	7
45.26	7
45.27	7
45.28	7
45.29	7
45.3	7
45.31	7
45.32	7
45.33	7
45.34	7
45.35	7
45.36	7
45.37	7
45.38	7
45.39	7
45.4	7
45.41	7
45.42	7
45.43	7
45.44	7
45.45	7
45.46	7
45.47	7
45.48	7
45.49	7
45.5	7
45.51	7
45.52	7
45.53	7
45.54	7
45.55	7
45.56	7
45.57	7
45.58	7
45.59	7
45.6	7
45.61	7
45.62	7
45.63	7
45.64	7
45.65	7
45.66	7
45.67	7
45.68	7
45.69	7
45.7	7
45.71	7
45.72	7
45.73	7
45.74	7
45.75	7
45.76	7
45.77	7
45.78	7
45.79	7
45.8	7
45.81	7
45.82	7
45.83	7
45.84	7
45.85	7
45.86	7
45.87	7
45.88	7
45.89	7
45.9	7
45.91	7
45.92	7
45.93	7
45.94	7
45.95	7
45.96	7
45.97	7
45.98	7
45.99	7
46	7
46.01	7
46.02	7
46.03	7
46.04	7
46.05	7
46.06	7
46.07	7
46.08	7
46.09	7
46.1	7
46.11	7
46.12	7
46.13	7
46.14	7
46.15	7
46.16	7
46.17	7
46.18	7
46.19	7
46.2	7
46.21	7
46.22	7
46.23	7
46.24	7
46.25	7
46.26	7
46.27	7
46.28	7
46.29	7
46.3	7
46.31	7
46.32	7
46.33	7
46.34	7
46.35	7
46.36	7
46.37	7
46.38	7
46.39	7
46.4	7
46.41	7
46.42	7
46.43	7
46.44	7
46.45	7
46.46	7
46.47	7
46.48	7
46.49	7
46.5	7
46.51	7
46.52	7
46.53	7
46.54	7
46.55	7
46.56	7
46.57	7
46.58	7
46.59	7
46.6	7
46.61	7
46.62	7
46.63	7
46.64	7
46.65	7
46.66	7
46.67	7
46.68	7
46.69	7
46.7	7
46.71	7
46.72	7
46.73	7
46.74	7
46.75	7
46.76	7
46.77	7
46.78	7
46.79	7
46.8	7
46.81	7
46.82	7
46.83	7
46.84	7
46.85	7
46.86	7
46.87	7
46.88	7
46.89	7
46.9	7
46.91	7
46.92	7
46.93	7
46.94	7
46.95	7
46.96	7
46.97	7
46.98	7
46.99	7
47	7
47.01	7
47.02	7
47.03	7
47.04	7
47.05	7
47.06	7
47.07	7
47.08	7
47.09	7
47.1	7
47.11	7
47.12	7
47.13	7
47.14	7
47.15	7
47.16	7
47.17	7
47.18	7
47.19	7
47.2	7
47.21	7
47.22	7
47.23	7
47.24	7
47.25	7
47.26	7
47.27	7
47.28	7
47.29	7
47.3	7
47.31	7
47.32	7
47.33	7
47.34	7
47.35	7
47.36	7
47.37	7
47.38	7
47.39	7
47.4	7
47.41	7
47.42	7
47.43	7
47.44	7
47.45	7
47.46	7
47.47	7
47.48	7
47.49	7
47.5	7
47.51	7
47.52	7
47.53	7
47.54	7
47.55	7
47.56	7
47.57	7
47.58	7
47.59	7
47.6	7
47.61	7
47.62	7
47.63	7
47.64	7
47.65	7
47.66	7
47.67	7
47.68	7
47.69	7
47.7	7
47.71	7
47.72	7
47.73	7
47.74	7
47.75	7
47.76	7
47.77	7
47.78	7
47.79	7
47.8	7
47.81	7
47.82	7
47.83	7
47.84	7
47.85	7
47.86	7
47.87	7
47.88	7
47.89	7
47.9	7
47.91	7
47.92	7
47.93	7
47.94	7
47.95	7
47.96	7
47.97	7
47.98	7
47.99	7
48	7
48.01	7
48.02	7
48.03	7
48.04	7
48.05	7
48.06	7
48.07	7
48.08	7
48.09	7
48.1	7
48.11	7
48.12	7
48.13	7
48.14	7
48.15	7
48.16	7
48.17	7
48.18	7
48.19	7
48.2	7
48.21	7
48.22	7
48.23	7
48.24	7
48.25	7
48.26	7
48.27	7
48.28	7
48.29	7
48.3	7
48.31	7
48.32	7
48.33	7
48.34	7
48.35	7
48.36	7
48.37	7
48.38	7
48.39	7
48.4	7
48.41	7
48.42	7
48.43	7
48.44	7
48.45	7
48.46	7
48.47	7
48.48	7
48.49	7
48.5	7
48.51	7
48.52	7
48.53	7
48.54	7
48.55	7
48.56	7
48.57	7
48.58	7
48.59	7
48.6	7
48.61	7
48.62	7
48.63	7
48.64	7
48.65	7
48.66	7
48.67	7
48.68	7
48.69	7
48.7	7
48.71	7
48.72	7
48.73	7
48.74	7
48.75	7
48.76	7
48.77	7
48.78	7
48.79	7
48.8	7
48.81	7
48.82	7
48.83	7
48.84	7
48.85	7
48.86	7
48.87	7
48.88	7
48.89	7
48.9	7
48.91	7
48.92	7
48.93	7
48.94	7
48.95	7
48.96	7
48.97	7
48.98	7
48.99	7
49	7
49.01	7
49.02	7
49.03	7
49.04	7
49.05	7
49.06	7
49.07	7
49.08	7
49.09	7
49.1	7
49.11	7
49.12	7
49.13	7
49.14	7
49.15	7
49.16	7
49.17	7
49.18	7
49.19	7
49.2	7
49.21	7
49.22	7
49.23	7
49.24	7
49.25	7
49.26	7
49.27	7
49.28	7
49.29	7
49.3	7
49.31	7
49.32	7
49.33	7
49.34	7
49.35	7
49.36	7
49.37	7
49.38	7
49.39	7
49.4	7
49.41	7
49.42	7
49.43	7
49.44	7
49.45	7
49.46	7
49.47	7
49.48	7
49.49	7
49.5	7
49.51	7
49.52	7
49.53	7
49.54	7
49.55	7
49.56	7
49.57	7
49.58	7
49.59	7
49.6	7
49.61	7
49.62	7
49.63	7
49.64	7
49.65	7
49.66	7
49.67	7
49.68	7
49.69	7
49.7	7
49.71	7
49.72	7
49.73	7
49.74	7
49.75	7
49.76	7
49.77	7
49.78	7
49.79	7
49.8	7
49.81	7
49.82	7
49.83	7
49.84	7
49.85	7
49.86	7
49.87	7
49.88	7
49.89	7
49.9	7
49.91	7
49.92	7
49.93	7
49.94	7
49.95	7
49.96	7
49.97	7
49.98	7
49.99	7
50	7
50.01	7
50.02	7
50.03	7
50.04	7
50.05	7
50.06	7
50.07	7
50.08	7
50.09	7
50.1	7
50.11	7
50.12	7
50.13	7
50.14	7
50.15	7
50.16	7
50.17	7
50.18	7
50.19	7
50.2	7
50.21	7
50.22	7
50.23	7
50.24	7
50.25	7
50.26	7
50.27	7
50.28	7
50.29	7
50.3	7
50.31	7
50.32	7
50.33	7
50.34	7
50.35	7
50.36	7
50.37	7
50.38	7
50.39	7
50.4	7
50.41	7
50.42	7
50.43	7
50.44	7
50.45	7
50.46	7
50.47	7
50.48	7
50.49	7
50.5	7
50.51	7
50.52	7
50.53	7
50.54	7
50.55	7
50.56	7
50.57	7
50.58	7
50.59	7
50.6	7
50.61	7
50.62	7
50.63	7
50.64	7
50.65	7
50.66	7
50.67	7
50.68	7
50.69	7
50.7	7
50.71	7
50.72	7
50.73	7
50.74	7
50.75	7
50.76	7
50.77	7
50.78	7
50.79	7
50.8	7
50.81	7
50.82	7
50.83	7
50.84	7
50.85	7
50.86	7
50.87	7
50.88	7
50.89	7
50.9	7
50.91	7
50.92	7
50.93	7
50.94	7
50.95	7
50.96	7
50.97	7
50.98	7
50.99	7
51	7
51.01	7
51.02	7
51.03	7
51.04	7
51.05	7
51.06	7
51.07	7
51.08	7
51.09	7
51.1	7
51.11	7
51.12	7
51.13	7
51.14	7
51.15	7
51.16	7
51.17	7
51.18	7
51.19	7
51.2	7
51.21	7
51.22	7
51.23	7
51.24	7
51.25	7
51.26	7
51.27	7
51.28	7
51.29	7
51.3	7
51.31	7
51.32	7
51.33	7
51.34	7
51.35	7
51.36	7
51.37	7
51.38	7
51.39	7
51.4	7
51.41	7
51.42	7
51.43	7
51.44	7
51.45	7
51.46	7
51.47	7
51.48	7
51.49	7
51.5	7
51.51	7
51.52	7
51.53	7
51.54	7
51.55	7
51.56	7
51.57	7
51.58	7
51.59	7
51.6	7
51.61	7
51.62	7
51.63	7
51.64	7
51.65	7
51.66	7
51.67	7
51.68	7
51.69	7
51.7	7
51.71	7
51.72	7
51.73	7
51.74	7
51.75	7
51.76	7
51.77	7
51.78	7
51.79	7
51.8	7
51.81	7
51.82	7
51.83	7
51.84	7
51.85	7
51.86	7
51.87	7
51.88	7
51.89	7
51.9	7
51.91	7
51.92	7
51.93	7
51.94	7
51.95	7
51.96	7
51.97	7
51.98	7
51.99	7
52	7
52.01	7
52.02	7
52.03	7
52.04	7
52.05	7
52.06	7
52.07	7
52.08	7
52.09	7
52.1	7
52.11	7
52.12	7
52.13	7
52.14	7
52.15	7
52.16	7
52.17	7
52.18	7
52.19	7
52.2	7
52.21	7
52.22	7
52.23	7
52.24	7
52.25	7
52.26	7
52.27	7
52.28	7
52.29	7
52.3	7
52.31	7
52.32	7
52.33	7
52.34	7
52.35	7
52.36	7
52.37	7
52.38	7
52.39	7
52.4	7
52.41	7
52.42	7
52.43	7
52.44	7
52.45	7
52.46	7
52.47	7
52.48	7
52.49	7
52.5	7
52.51	7
52.52	7
52.53	7
52.54	7
52.55	7
52.56	7
52.57	7
52.58	7
52.59	7
52.6	7
52.61	7
52.62	7
52.63	7
52.64	7
52.65	7
52.66	7
52.67	7
52.68	7
52.69	7
52.7	7
52.71	7
52.72	7
52.73	7
52.74	7
52.75	7
52.76	7
52.77	7
52.78	7
52.79	7
52.8	7
52.81	7
52.82	7
52.83	7
52.84	7
52.85	7
52.86	7
52.87	7
52.88	7
52.89	7
52.9	7
52.91	7
52.92	7
52.93	7
52.94	7
52.95	7
52.96	7
52.97	7
52.98	7
52.99	7
53	7
53.01	7
53.02	7
53.03	7
53.04	7
53.05	7
53.06	7
53.07	7
53.08	7
53.09	7
53.1	7
53.11	7
53.12	7
53.13	7
53.14	7
53.15	7
53.16	7
53.17	7
53.18	7
53.19	7
53.2	7
53.21	7
53.22	7
53.23	7
53.24	7
53.25	7
53.26	7
53.27	7
53.28	7
53.29	7
53.3	7
53.31	7
53.32	7
53.33	7
53.34	7
53.35	7
53.36	7
53.37	7
53.38	7
53.39	7
53.4	7
53.41	7
53.42	7
53.43	7
53.44	7
53.45	7
53.46	7
53.47	7
53.48	7
53.49	7
53.5	7
53.51	7
53.52	7
53.53	7
53.54	7
53.55	7
53.56	7
53.57	7
53.58	7
53.59	7
53.6	7
53.61	7
53.62	7
53.63	7
53.64	7
53.65	7
53.66	7
53.67	7
53.68	7
53.69	7
53.7	7
53.71	7
53.72	7
53.73	7
53.74	7
53.75	7
53.76	7
53.77	7
53.78	7
53.79	7
53.8	7
53.81	7
53.82	7
53.83	7
53.84	7
53.85	7
53.86	7
53.87	7
53.88	7
53.89	7
53.9	7
53.91	7
53.92	7
53.93	7
53.94	7
53.95	7
53.96	7
53.97	7
53.98	7
53.99	7
54	7
54.01	7
54.02	7
54.03	7
54.04	7
54.05	7
54.06	7
54.07	7
54.08	7
54.09	7
54.1	7
54.11	7
54.12	7
54.13	7
54.14	7
54.15	7
54.16	7
54.17	7
54.18	7
54.19	7
54.2	7
54.21	7
54.22	7
54.23	7
54.24	7
54.25	7
54.26	7
54.27	7
54.28	7
54.29	7
54.3	7
54.31	7
54.32	7
54.33	7
54.34	7
54.35	7
54.36	7
54.37	7
54.38	7
54.39	7
54.4	7
54.41	7
54.42	7
54.43	7
54.44	7
54.45	7
54.46	7
54.47	7
54.48	7
54.49	7
54.5	7
54.51	7
54.52	7
54.53	7
54.54	7
54.55	7
54.56	7
54.57	7
54.58	7
54.59	7
54.6	7
54.61	7
54.62	7
54.63	7
54.64	7
54.65	7
54.66	7
54.67	7
54.68	7
54.69	7
54.7	7
54.71	7
54.72	7
54.73	7
54.74	7
54.75	7
54.76	7
54.77	7
54.78	7
54.79	7
54.8	7
54.81	7
54.82	7
54.83	7
54.84	7
54.85	7
54.86	7
54.87	7
54.88	7
54.89	7
54.9	7
54.91	7
54.92	7
54.93	7
54.94	7
54.95	7
54.96	7
54.97	7
54.98	7
54.99	7
55	7
55.01	7
55.02	7
55.03	7
55.04	7
55.05	7
55.06	7
55.07	7
55.08	7
55.09	7
55.1	7
55.11	7
55.12	7
55.13	7
55.14	7
55.15	7
55.16	7
55.17	7
55.18	7
55.19	7
55.2	7
55.21	7
55.22	7
55.23	7
55.24	7
55.25	7
55.26	7
55.27	7
55.28	7
55.29	7
55.3	7
55.31	7
55.32	7
55.33	7
55.34	7
55.35	7
55.36	7
55.37	7
55.38	7
55.39	7
55.4	7
55.41	7
55.42	7
55.43	7
55.44	7
55.45	7
55.46	7
55.47	7
55.48	7
55.49	7
55.5	7
55.51	7
55.52	7
55.53	7
55.54	7
55.55	7
55.56	7
55.57	7
55.58	7
55.59	7
55.6	7
55.61	7
55.62	7
55.63	7
55.64	7
55.65	7
55.66	7
55.67	7
55.68	7
55.69	7
55.7	7
55.71	7
55.72	7
55.73	7
55.74	7
55.75	7
55.76	7
55.77	7
55.78	7
55.79	7
55.8	7
55.81	7
55.82	7
55.83	7
55.84	7
55.85	7
55.86	7
55.87	7
55.88	7
55.89	7
55.9	7
55.91	7
55.92	7
55.93	7
55.94	7
55.95	7
55.96	7
55.97	7
55.98	7
55.99	7
56	7
56.01	7
56.02	7
56.03	7
56.04	7
56.05	7
56.06	7
56.07	7
56.08	7
56.09	7
56.1	7
56.11	7
56.12	7
56.13	7
56.14	7
56.15	7
56.16	7
56.17	7
56.18	7
56.19	7
56.2	7
56.21	7
56.22	7
56.23	7
56.24	7
56.25	7
56.26	7
56.27	7
56.28	7
56.29	7
56.3	7
56.31	7
56.32	7
56.33	7
56.34	7
56.35	7
56.36	7
56.37	7
56.38	7
56.39	7
56.4	7
56.41	7
56.42	7
56.43	7
56.44	7
56.45	7
56.46	7
56.47	7
56.48	7
56.49	7
56.5	7
56.51	7
56.52	7
56.53	7
56.54	7
56.55	7
56.56	7
56.57	7
56.58	7
56.59	7
56.6	7
56.61	7
56.62	7
56.63	7
56.64	7
56.65	7
56.66	7
56.67	7
56.68	7
56.69	7
56.7	7
56.71	7
56.72	7
56.73	7
56.74	7
56.75	7
56.76	7
56.77	7
56.78	7
56.79	7
56.8	7
56.81	7
56.82	7
56.83	7
56.84	7
56.85	7
56.86	7
56.87	7
56.88	7
56.89	7
56.9	7
56.91	7
56.92	7
56.93	7
56.94	7
56.95	7
56.96	7
56.97	7
56.98	7
56.99	7
57	7
57.01	7
57.02	7
57.03	7
57.04	7
57.05	7
57.06	7
57.07	7
57.08	7
57.09	7
57.1	7
57.11	7
57.12	7
57.13	7
57.14	7
57.15	7
57.16	7
57.17	7
57.18	7
57.19	7
57.2	7
57.21	7
57.22	7
57.23	7
57.24	7
57.25	7
57.26	7
57.27	7
57.28	7
57.29	7
57.3	7
57.31	7
57.32	7
57.33	7
57.34	7
57.35	7
57.36	7
57.37	7
57.38	7
57.39	7
57.4	7
57.41	7
57.42	7
57.43	7
57.44	7
57.45	7
57.46	7
57.47	7
57.48	7
57.49	7
57.5	7
57.51	7
57.52	7
57.53	7
57.54	7
57.55	7
57.56	7
57.57	7
57.58	7
57.59	7
57.6	7
57.61	7
57.62	7
57.63	7
57.64	7
57.65	7
57.66	7
57.67	7
57.68	7
57.69	7
57.7	7
57.71	7
57.72	7
57.73	7
57.74	7
57.75	7
57.76	7
57.77	7
57.78	7
57.79	7
57.8	7
57.81	7
57.82	7
57.83	7
57.84	7
57.85	7
57.86	7
57.87	7
57.88	7
57.89	7
57.9	7
57.91	7
57.92	7
57.93	7
57.94	7
57.95	7
57.96	7
57.97	7
57.98	7
57.99	7
58	7
58.01	7
58.02	7
58.03	7
58.04	7
58.05	7
58.06	7
58.07	7
58.08	7
58.09	7
58.1	7
58.11	7
58.12	7
58.13	7
58.14	7
58.15	7
58.16	7
58.17	7
58.18	7
58.19	7
58.2	7
58.21	7
58.22	7
58.23	7
58.24	7
58.25	7
58.26	7
58.27	7
58.28	7
58.29	7
58.3	7
58.31	7
58.32	7
58.33	7
58.34	7
58.35	7
58.36	7
58.37	7
58.38	7
58.39	7
58.4	7
58.41	7
58.42	7
58.43	7
58.44	7
58.45	7
58.46	7
58.47	7
58.48	7
58.49	7
58.5	7
58.51	7
58.52	7
58.53	7
58.54	7
58.55	7
58.56	7
58.57	7
58.58	7
58.59	7
58.6	7
58.61	7
58.62	7
58.63	7
58.64	7
58.65	7
58.66	7
58.67	7
58.68	7
58.69	7
58.7	7
58.71	7
58.72	7
58.73	7
58.74	7
58.75	7
58.76	7
58.77	7
58.78	7
58.79	7
58.8	7
58.81	7
58.82	7
58.83	7
58.84	7
58.85	7
58.86	7
58.87	7
58.88	7
58.89	7
58.9	7
58.91	7
58.92	7
58.93	7
58.94	7
58.95	7
58.96	7
58.97	7
58.98	7
58.99	7
59	7
59.01	7
59.02	7
59.03	7
59.04	7
59.05	7
59.06	7
59.07	7
59.08	7
59.09	7
59.1	7
59.11	7
59.12	7
59.13	7
59.14	7
59.15	7
59.16	7
59.17	7
59.18	7
59.19	7
59.2	7
59.21	7
59.22	7
59.23	7
59.24	7
59.25	7
59.26	7
59.27	7
59.28	7
59.29	7
59.3	7
59.31	7
59.32	7
59.33	7
59.34	7
59.35	7
59.36	7
59.37	7
59.38	7
59.39	7
59.4	7
59.41	7
59.42	7
59.43	7
59.44	7
59.45	7
59.46	7
59.47	7
59.48	7
59.49	7
59.5	7
59.51	7
59.52	7
59.53	7
59.54	7
59.55	7
59.56	7
59.57	7
59.58	7
59.59	7
59.6	7
59.61	7
59.62	7
59.63	7
59.64	7
59.65	7
59.66	7
59.67	7
59.68	7
59.69	7
59.7	7
59.71	7
59.72	7
59.73	7
59.74	7
59.75	7
59.76	7
59.77	7
59.78	7
59.79	7
59.8	7
59.81	7
59.82	7
59.83	7
59.84	7
59.85	7
59.86	7
59.87	7
59.88	7
59.89	7
59.9	7
59.91	7
59.92	7
59.93	7
59.94	7
59.95	7
59.96	7
59.97	7
59.98	7
59.99	7
60	7
60.01	7
60.02	7
60.03	7
60.04	7
60.05	7
60.06	7
60.07	7
60.08	7
60.09	7
60.1	7
60.11	7
60.12	7
60.13	7
60.14	7
60.15	7
60.16	7
60.17	7
60.18	7
60.19	7
60.2	7
60.21	7
60.22	7
60.23	7
60.24	7
60.25	7
60.26	7
60.27	7
60.28	7
60.29	7
60.3	7
60.31	7
60.32	7
60.33	7
60.34	7
60.35	7
60.36	7
60.37	7
60.38	7
60.39	7
60.4	7
60.41	7
60.42	7
60.43	7
60.44	7
60.45	7
60.46	7
60.47	7
60.48	7
60.49	7
60.5	7
60.51	7
60.52	7
60.53	7
60.54	7
60.55	7
60.56	7
60.57	7
60.58	7
60.59	7
60.6	7
60.61	7
60.62	7
60.63	7
60.64	7
60.65	7
60.66	7
60.67	7
60.68	7
60.69	7
60.7	7
60.71	7
60.72	7
60.73	7
60.74	7
60.75	7
60.76	7
60.77	7
60.78	7
60.79	7
60.8	7
60.81	7
60.82	7
60.83	7
60.84	7
60.85	7
60.86	7
60.87	7
60.88	7
60.89	7
60.9	7
60.91	7
60.92	7
60.93	7
60.94	7
60.95	7
60.96	7
60.97	7
60.98	7
60.99	7
61	7
61.01	7
61.02	7
61.03	7
61.04	7
61.05	7
61.06	7
61.07	7
61.08	7
61.09	7
61.1	7
61.11	7
61.12	7
61.13	7
61.14	7
61.15	7
61.16	7
61.17	7
61.18	7
61.19	7
61.2	7
61.21	7
61.22	7
61.23	7
61.24	7
61.25	7
61.26	7
61.27	7
61.28	7
61.29	7
61.3	7
61.31	7
61.32	7
61.33	7
61.34	7
61.35	7
61.36	7
61.37	7
61.38	7
61.39	7
61.4	7
61.41	7
61.42	7
61.43	7
61.44	7
61.45	7
61.46	7
61.47	7
61.48	7
61.49	7
61.5	7
61.51	7
61.52	7
61.53	7
61.54	7
61.55	7
61.56	7
61.57	7
61.58	7
61.59	7
61.6	7
61.61	7
61.62	7
61.63	7
61.64	7
61.65	7
61.66	7
61.67	7
61.68	7
61.69	7
61.7	7
61.71	7
61.72	7
61.73	7
61.74	7
61.75	7
61.76	7
61.77	7
61.78	7
61.79	7
61.8	7
61.81	7
61.82	7
61.83	7
61.84	7
61.85	7
61.86	7
61.87	7
61.88	7
61.89	7
61.9	7
61.91	7
61.92	7
61.93	7
61.94	7
61.95	7
61.96	7
61.97	7
61.98	7
61.99	7
62	7
62.01	7
62.02	7
62.03	7
62.04	7
62.05	7
62.06	7
62.07	7
62.08	7
62.09	7
62.1	7
62.11	7
62.12	7
62.13	7
62.14	7
62.15	7
62.16	7
62.17	7
62.18	7
62.19	7
62.2	7
62.21	7
62.22	7
62.23	7
62.24	7
62.25	7
62.26	7
62.27	7
62.28	7
62.29	7
62.3	7
62.31	7
62.32	7
62.33	7
62.34	7
62.35	7
62.36	7
62.37	7
62.38	7
62.39	7
62.4	7
62.41	7
62.42	7
62.43	7
62.44	7
62.45	7
62.46	7
62.47	7
62.48	7
62.49	7
62.5	7
62.51	7
62.52	7
62.53	7
62.54	7
62.55	7
62.56	7
62.57	7
62.58	7
62.59	7
62.6	7
62.61	7
62.62	7
62.63	7
62.64	7
62.65	7
62.66	7
62.67	7
62.68	7
62.69	7
62.7	7
62.71	7
62.72	7
62.73	7
62.74	7
62.75	7
62.76	7
62.77	7
62.78	7
62.79	7
62.8	7
62.81	7
62.82	7
62.83	7
62.84	7
62.85	7
62.86	7
62.87	7
62.88	7
62.89	7
62.9	7
62.91	7
62.92	7
62.93	7
62.94	7
62.95	7
62.96	7
62.97	7
62.98	7
62.99	7
63	7
63.01	7
63.02	7
63.03	7
63.04	7
63.05	7
63.06	7
63.07	7
63.08	7
63.09	7
63.1	7
63.11	7
63.12	7
63.13	7
63.14	7
63.15	7
63.16	7
63.17	7
63.18	7
63.19	7
63.2	7
63.21	7
63.22	7
63.23	7
63.24	7
63.25	7
63.26	7
63.27	7
63.28	7
63.29	7
63.3	7
63.31	7
63.32	7
63.33	7
63.34	7
63.35	7
63.36	7
63.37	7
63.38	7
63.39	7
63.4	7
63.41	7
63.42	7
63.43	7
63.44	7
63.45	7
63.46	7
63.47	7
63.48	7
63.49	7
63.5	7
63.51	7
63.52	7
63.53	7
63.54	7
63.55	7
63.56	7
63.57	7
63.58	7
63.59	7
63.6	7
63.61	7
63.62	7
63.63	7
63.64	7
63.65	7
63.66	7
63.67	7
63.68	7
63.69	7
63.7	7
63.71	7
63.72	7
63.73	7
63.74	7
63.75	7
63.76	7
63.77	7
63.78	7
63.79	7
63.8	7
63.81	7
63.82	7
63.83	7
63.84	7
63.85	7
63.86	7
63.87	7
63.88	7
63.89	7
63.9	7
63.91	7
63.92	7
63.93	7
63.94	7
63.95	7
63.96	7
63.97	7
63.98	7
63.99	7
64	7
