0.00119904	21
0.00263651	24
0.00436346	13
0.00643726	11
0.00893	10
0.0119243	10
0.0159622	10
0.02	9
0.0248485	11
0.029899	11
0.0349495	11
0.04	11
0.0460526	11
0.0530263	11
0.06	11
0.07	13
0.08	13
0.09	13
0.1	13
0.11	13
0.12	13
0.13	13
0.14	13
0.15	13
0.16	13
0.17	13
0.18	13
0.19	13
0.2	13
0.21	13
0.22	15
0.23	15
0.24	15
0.25	15
0.26	15
0.27	15
0.28	15
0.29	15
0.3	15
0.31	15
0.32	15
0.33	15
0.34	15
0.35	15
0.36	15
0.37	17
0.38	17
0.39	19
0.4	18
0.41	18
0.42	16
0.43	16
0.44	18
0.45	16
0.46	16
0.47	16
0.48	16
0.49	18
0.5	18
0.51	18
0.52	16
0.53	16
0.54	16
0.55	16
0.56	16
0.57	18
0.58	16
0.59	16
0.6	18
0.61	16
0.62	18
0.63	18
0.64	18
0.65	18
0.66	18
0.67	18
0.68	18
0.69	18
0.7	18
0.71	16
0.72	18
0.73	16
0.74	16
0.75	16
0.76	16
0.77	16
0.78	16
0.79	16
0.8	16
0.81	16
0.82	16
0.83	16
0.84	16
0.85	16
0.86	16
0.87	18
0.88	18
0.89	18
0.9	16
0.91	18
0.92	16
0.93	16
0.94	16
0.95	16
0.96	16
0.97	16
0.98	18
0.99	18
1	18
1.01	18
1.02	18
1.03	18
1.04	18
1.05	18
1.06	18
1.07	18
1.08	18
1.09	18
1.1	18
1.11	18
1.12	18
1.13	18
1.14	18
1.15	18
1.16	18
1.17	18
1.18	18
1.19	18
1.2	18
1.21	18
1.22	18
1.23	18
1.24	18
1.25	18
1.26	18
1.27	18
1.28	18
1.29	18
1.3	18
1.31	18
1.32	18
1.33	18
1.34	18
1.35	18
1.36	18
1.37	16
1.38	16
1.39	16
1.4	16
1.41	16
1.42	16
1.43	16
1.44	16
1.45	16
1.46	16
1.47	16
1.48	16
1.49	16
1.5	16
1.51	18
1.52	18
1.53	16
1.54	16
1.55	16
1.56	16
1.57	18
1.58	18
1.59	18
1.6	18
1.61	18
1.62	18
1.63	18
1.64	18
1.65	18
1.66	18
1.67	18
1.68	18
1.69	18
1.7	18
1.71	18
1.72	18
1.73	18
1.74	18
1.75	18
1.76	18
1.77	18
1.78	18
1.79	18
1.8	18
1.81	18
1.82	18
1.83	18
1.84	18
1.85	18
1.86	18
1.87	18
1.88	18
1.89	18
1.9	18
1.91	18
1.92	18
1.93	18
1.94	18
1.95	18
1.96	18
1.97	18
1.98	18
1.99	18
2	18
2.01	18
2.02	18
2.03	18
2.04	18
2.05	18
2.06	18
2.07	18
2.08	18
2.09	18
2.1	18
2.11	18
2.12	18
2.13	18
2.14	18
2.15	18
2.16	18
2.17	16
2.18	16
2.19	18
2.2	18
2.21	18
2.22	18
2.23	18
2.24	18
2.25	18
2.26	18
2.27	18
2.28	18
2.29	18
2.3	18
2.31	18
2.32	18
2.33	18
2.34	18
2.35	18
2.36	18
2.37	18
2.38	18
2.39	18
2.4	18
2.41	18
2.42	20
2.43	20
2.44	20
2.45	20
2.46	20
2.47	20
2.48	18
2.49	20
2.5	20
2.51	20
2.52	20
2.53	20
2.54	20
2.55	20
2.56	20
2.57	20
2.58	20
2.59	18
2.6	20
2.61	18
2.62	18
2.63	18
2.64	20
2.65	20
2.66	20
2.67	20
2.68	18
2.69	20
2.7	23
2.71	21
2.72	21
2.73	22
2.74	21
2.75	19
2.76	21
2.77	19
2.78	19
2.79	19
2.8	21
2.81	21
2.82	20
2.83	20
2.84	20
2.85	22
2.86	21
2.87	21
2.88	20
2.89	21
2.9	21
2.91	21
2.92	21
2.93	22
2.94	21
2.95	21
2.96	21
2.97	23
2.98	20
2.99	22
3	20
3.01	20
3.02	20
3.03	20
3.04	20
3.05	20
3.06	20
3.07	20
3.08	20
3.09	20
3.1	18
3.11	20
3.12	20
3.13	18
3.14	18
3.15	18
3.16	18
3.17	18
3.18	20
3.19	20
3.2	20
3.21	20
3.22	20
3.23	20
3.24	20
3.25	20
3.26	18
3.27	18
3.28	20
3.29	20
3.3	20
3.31	20
3.32	20
3.33	18
3.34	20
3.35	20
3.36	20
3.37	20
3.38	20
3.39	20
3.4	20
3.41	20
3.42	20
3.43	20
3.44	20
3.45	20
3.46	20
3.47	20
3.48	20
3.49	20
3.5	20
3.51	20
3.52	20
3.53	22
3.54	23
3.55	22
3.56	23
3.57	20
3.58	22
3.59	22
3.6	20
3.61	20
3.62	20
3.63	20
3.64	18
3.65	18
3.66	18
3.67	18
3.68	18
3.69	18
3.7	18
3.71	18
3.72	18
3.73	18
3.74	18
3.75	18
3.76	18
3.77	18
3.78	18
3.79	18
3.8	18
3.81	18
3.82	18
3.83	18
3.84	18
3.85	18
3.86	18
3.87	18
3.88	18
3.89	18
3.9	18
3.91	18
3.92	18
3.93	18
3.94	18
3.95	18
3.96	18
3.97	18
3.98	18
3.99	18
4	18
4.01	18
4.02	18
4.03	18
4.04	18
4.05	18
4.06	18
4.07	18
4.08	18
4.09	18
4.1	18
4.11	18
4.12	18
4.13	18
4.14	18
4.15	18
4.16	18
4.17	18
4.18	18
4.19	18
4.2	18
4.21	18
4.22	18
4.23	18
4.24	18
4.25	18
4.26	18
4.27	18
4.28	18
4.29	18
4.3	18
4.31	18
4.32	18
4.33	18
4.34	18
4.35	18
4.36	18
4.37	18
4.38	18
4.39	18
4.4	18
4.41	18
4.42	18
4.43	18
4.44	18
4.45	18
4.46	18
4.47	20
4.48	20
4.49	20
4.5	20
4.51	19
4.52	21
4.53	19
4.54	19
4.55	19
4.56	19
4.57	19
4.58	21
4.59	20
4.6	20
4.61	18
4.62	18
4.63	18
4.64	18
4.65	18
4.66	18
4.67	18
4.68	18
4.69	18
4.7	18
4.71	20
4.72	20
4.73	20
4.74	20
4.75	20
4.76	20
4.77	22
4.78	20
4.79	20
4.8	20
4.81	20
4.82	20
4.83	20
4.84	20
4.85	20
4.86	20
4.87	20
4.88	20
4.89	20
4.9	20
4.91	20
4.92	20
4.93	20
4.94	20
4.95	20
4.96	20
4.97	20
4.98	20
4.99	20
5	20
5.01	18
5.02	18
5.03	18
5.04	18
5.05	18
5.06	18
5.07	18
5.08	18
5.09	18
5.1	18
5.11	18
5.12	18
5.13	18
5.14	18
5.15	18
5.16	18
5.17	18
5.18	18
5.19	18
5.2	18
5.21	18
5.22	18
5.23	18
5.24	18
5.25	18
5.26	18
5.27	18
5.28	18
5.29	18
5.3	18
5.31	18
5.32	18
5.33	18
5.34	18
5.35	18
5.36	18
5.37	18
5.38	18
5.39	18
5.4	18
5.41	18
5.42	18
5.43	18
5.44	18
5.45	18
5.46	18
5.47	18
5.48	18
5.49	18
5.5	18
5.51	18
5.52	18
5.53	18
5.54	18
5.55	18
5.56	20
5.57	20
5.58	20
5.59	20
5.6	20
5.61	20
5.62	20
5.63	20
5.64	20
5.65	20
5.66	22
5.67	21
5.68	21
5.69	19
5.7	19
5.71	19
5.72	19
5.73	19
5.74	19
5.75	19
5.76	20
5.77	20
5.78	18
5.79	18
5.8	18
5.81	18
5.82	18
5.83	18
5.84	18
5.85	18
5.86	18
5.87	18
5.88	18
5.89	18
5.9	18
5.91	18
5.92	18
5.93	18
5.94	18
5.95	18
5.96	18
5.97	18
5.98	18
5.99	18
6	18
6.01	18
6.02	18
6.03	18
6.04	18
6.05	18
6.06	18
6.07	18
6.08	18
6.09	18
6.1	18
6.11	18
6.12	18
6.13	18
6.14	18
6.15	18
6.16	18
6.17	18
6.18	18
6.19	18
6.2	18
6.21	18
6.22	18
6.23	18
6.24	18
6.25	18
6.26	18
6.27	18
6.28	18
6.29	18
6.3	18
6.31	18
6.32	18
6.33	18
6.34	18
6.35	18
6.36	18
6.37	18
6.38	18
6.39	18
6.4	18
6.41	18
6.42	18
6.43	18
6.44	18
6.45	18
6.46	18
6.47	18
6.48	18
6.49	18
6.5	18
6.51	20
6.52	20
6.53	20
6.54	20
6.55	20
6.56	21
6.57	23
6.58	21
6.59	22
6.6	23
6.61	20
6.62	20
6.63	20
6.64	18
6.65	18
6.66	18
6.67	18
6.68	18
6.69	18
6.7	18
6.71	18
6.72	18
6.73	18
6.74	18
6.75	18
6.76	18
6.77	18
6.78	18
6.79	18
6.8	18
6.81	18
6.82	18
6.83	18
6.84	18
6.85	18
6.86	20
6.87	20
6.88	20
6.89	22
6.9	21
6.91	19
6.92	19
6.93	19
6.94	21
6.95	21
6.96	22
6.97	22
6.98	20
6.99	20
7	20
7.01	22
7.02	21
7.03	21
7.04	21
7.05	19
7.06	19
7.07	19
7.08	19
7.09	19
7.1	19
7.11	19
7.12	19
7.13	19
7.14	19
7.15	19
7.16	19
7.17	19
7.18	19
7.19	19
7.2	19
7.21	19
7.22	21
7.23	21
7.24	21
7.25	21
7.26	22
7.27	22
7.28	21
7.29	22
7.3	21
7.31	21
7.32	21
7.33	21
7.34	21
7.35	21
7.36	21
7.37	21
7.38	21
7.39	21
7.4	21
7.41	21
7.42	21
7.43	21
7.44	21
7.45	21
7.46	21
7.47	21
7.48	21
7.49	21
7.5	21
7.51	21
7.52	21
7.53	21
7.54	21
7.55	21
7.56	21
7.57	21
7.58	21
7.59	21
7.6	21
7.61	19
7.62	19
7.63	19
7.64	19
7.65	19
7.66	19
7.67	19
7.68	19
7.69	19
7.7	19
7.71	19
7.72	19
7.73	19
7.74	19
7.75	19
7.76	19
7.77	19
7.78	19
7.79	19
7.8	19
7.81	19
7.82	19
7.83	19
7.84	19
7.85	17
7.86	17
7.87	17
7.88	17
7.89	17
7.9	17
7.91	17
7.92	17
7.93	17
7.94	17
7.95	17
7.96	17
7.97	17
7.98	17
7.99	17
8	17
8.01	17
8.02	17
8.03	17
8.04	19
8.05	19
8.06	19
8.07	19
8.08	22
8.09	20
8.1	20
8.11	20
8.12	18
8.13	18
8.14	18
8.15	18
8.16	18
8.17	18
8.18	18
8.19	18
8.2	18
8.21	18
8.22	18
8.23	18
8.24	18
8.25	18
8.26	18
8.27	18
8.28	18
8.29	18
8.3	18
8.31	18
8.32	20
8.33	20
8.34	20
8.35	20
8.36	20
8.37	20
8.38	20
8.39	20
8.4	20
8.41	20
8.42	20
8.43	20
8.44	20
8.45	20
8.46	20
8.47	20
8.48	20
8.49	22
8.5	21
8.51	23
8.52	22
8.53	20
8.54	20
8.55	20
8.56	20
8.57	20
8.58	20
8.59	20
8.6	20
8.61	20
8.62	20
8.63	22
8.64	22
8.65	22
8.66	22
8.67	21
8.68	21
8.69	21
8.7	21
8.71	21
8.72	21
8.73	21
8.74	20
8.75	20
8.76	20
8.77	18
8.78	18
8.79	18
8.8	18
8.81	18
8.82	18
8.83	18
8.84	18
8.85	18
8.86	18
8.87	18
8.88	18
8.89	18
8.9	18
8.91	18
8.92	18
8.93	18
8.94	18
8.95	18
8.96	18
8.97	18
8.98	18
8.99	18
9	18
9.01	18
9.02	18
9.03	18
9.04	20
9.05	20
9.06	20
9.07	20
9.08	18
9.09	18
9.1	20
9.11	20
9.12	20
9.13	20
9.14	20
9.15	20
9.16	20
9.17	20
9.18	20
9.19	20
9.2	20
9.21	18
9.22	18
9.23	18
9.24	18
9.25	18
9.26	18
9.27	18
9.28	18
9.29	18
9.3	18
9.31	18
9.32	18
9.33	18
9.34	18
9.35	18
9.36	18
9.37	18
9.38	18
9.39	18
9.4	18
9.41	18
9.42	16
9.43	16
9.44	16
9.45	16
9.46	18
9.47	18
9.48	18
9.49	18
9.5	18
9.51	18
9.52	18
9.53	18
9.54	18
9.55	18
9.56	18
9.57	18
9.58	18
9.59	18
9.6	18
9.61	18
9.62	18
9.63	18
9.64	18
9.65	18
9.66	18
9.67	18
9.68	18
9.69	18
9.7	18
9.71	18
9.72	18
9.73	18
9.74	18
9.75	18
9.76	18
9.77	18
9.78	18
9.79	18
9.8	18
9.81	18
9.82	18
9.83	18
9.84	18
9.85	18
9.86	18
9.87	18
9.88	18
9.89	18
9.9	18
9.91	18
9.92	18
9.93	18
9.94	18
9.95	18
9.96	18
9.97	18
9.98	18
9.99	18
10	18
10.01	18
10.02	18
10.03	18
10.04	18
10.05	18
10.06	18
10.07	18
10.08	18
10.09	18
10.1	18
10.11	18
10.12	18
10.13	18
10.14	18
10.15	18
10.16	18
10.17	18
10.18	18
10.19	18
10.2	18
10.21	18
10.22	18
10.23	18
10.24	18
10.25	18
10.26	18
10.27	18
10.28	18
10.29	18
10.3	18
10.31	18
10.32	18
10.33	18
10.34	18
10.35	18
10.36	18
10.37	18
10.38	18
10.39	20
10.4	20
10.41	20
10.42	20
10.43	22
10.44	23
10.45	22
10.46	22
10.47	22
10.48	20
10.49	20
10.5	20
10.51	20
10.52	20
10.53	20
10.54	20
10.55	20
10.56	20
10.57	20
10.58	20
10.59	20
10.6	20
10.61	20
10.62	20
10.63	20
10.64	20
10.65	20
10.66	22
10.67	21
10.68	21
10.69	19
10.7	19
10.71	19
10.72	19
10.73	19
10.74	19
10.75	19
10.76	19
10.77	19
10.78	19
10.79	19
10.8	19
10.81	21
10.82	19
10.83	21
10.84	19
10.85	19
10.86	19
10.87	19
10.88	19
10.89	19
10.9	19
10.91	19
10.92	19
10.93	19
10.94	19
10.95	21
10.96	21
10.97	23
10.98	22
10.99	20
11	20
11.01	20
11.02	20
11.03	20
11.04	20
11.05	20
11.06	20
11.07	20
11.08	20
11.09	20
11.1	20
11.11	20
11.12	20
11.13	20
11.14	20
11.15	20
11.16	20
11.17	20
11.18	20
11.19	20
11.2	20
11.21	20
11.22	20
11.23	20
11.24	20
11.25	20
11.26	20
11.27	20
11.28	20
11.29	20
11.3	20
11.31	20
11.32	20
11.33	20
11.34	20
11.35	20
11.36	20
11.37	22
11.38	21
11.39	21
11.4	21
11.41	21
11.42	21
11.43	21
11.44	21
11.45	21
11.46	21
11.47	22
11.48	22
11.49	22
11.5	20
11.51	20
11.52	22
11.53	22
11.54	22
11.55	23
11.56	23
11.57	23
11.58	23
11.59	22
11.6	20
11.61	20
11.62	20
11.63	20
11.64	20
11.65	18
11.66	18
11.67	18
11.68	18
11.69	18
11.7	18
11.71	18
11.72	18
11.73	18
11.74	18
11.75	18
11.76	18
11.77	18
11.78	18
11.79	18
11.8	18
11.81	18
11.82	18
11.83	18
11.84	18
11.85	18
11.86	18
11.87	18
11.88	18
11.89	18
11.9	18
11.91	18
11.92	18
11.93	18
11.94	18
11.95	18
11.96	18
11.97	18
11.98	18
11.99	18
12	18
12.01	18
12.02	18
12.03	18
12.04	18
12.05	18
12.06	18
12.07	18
12.08	18
12.09	18
12.1	18
12.11	18
12.12	18
12.13	18
12.14	18
12.15	18
12.16	18
12.17	18
12.18	18
12.19	18
12.2	18
12.21	18
12.22	18
12.23	18
12.24	18
12.25	18
12.26	18
12.27	18
12.28	18
12.29	18
12.3	18
12.31	18
12.32	18
12.33	18
12.34	18
12.35	18
12.36	18
12.37	18
12.38	18
12.39	18
12.4	18
12.41	18
12.42	18
12.43	18
12.44	18
12.45	18
12.46	20
12.47	20
12.48	20
12.49	20
12.5	21
12.51	19
12.52	19
12.53	19
12.54	19
12.55	19
12.56	19
12.57	19
12.58	21
12.59	23
12.6	20
12.61	20
12.62	18
12.63	18
12.64	18
12.65	18
12.66	18
12.67	18
12.68	18
12.69	18
12.7	20
12.71	20
12.72	20
12.73	20
12.74	20
12.75	20
12.76	20
12.77	20
12.78	20
12.79	22
12.8	20
12.81	20
12.82	20
12.83	20
12.84	20
12.85	20
12.86	20
12.87	20
12.88	20
12.89	20
12.9	20
12.91	20
12.92	20
12.93	20
12.94	20
12.95	20
12.96	20
12.97	20
12.98	20
12.99	20
13	20
13.01	20
13.02	18
13.03	18
13.04	18
13.05	18
13.06	18
13.07	18
13.08	18
13.09	18
13.1	18
13.11	18
13.12	18
13.13	18
13.14	18
13.15	18
13.16	18
13.17	18
13.18	18
13.19	18
13.2	18
13.21	18
13.22	18
13.23	18
13.24	18
13.25	18
13.26	18
13.27	18
13.28	18
13.29	18
13.3	18
13.31	18
13.32	18
13.33	18
13.34	18
13.35	18
13.36	18
13.37	18
13.38	18
13.39	18
13.4	18
13.41	18
13.42	18
13.43	18
13.44	18
13.45	18
13.46	18
13.47	18
13.48	18
13.49	18
13.5	18
13.51	18
13.52	18
13.53	18
13.54	18
13.55	18
13.56	20
13.57	20
13.58	20
13.59	20
13.6	20
13.61	20
13.62	20
13.63	20
13.64	20
13.65	20
13.66	20
13.67	21
13.68	21
13.69	19
13.7	19
13.71	19
13.72	19
13.73	19
13.74	19
13.75	19
13.76	21
13.77	20
13.78	20
13.79	18
13.8	18
13.81	18
13.82	18
13.83	18
13.84	18
13.85	18
13.86	18
13.87	18
13.88	18
13.89	18
13.9	18
13.91	18
13.92	18
13.93	18
13.94	18
13.95	18
13.96	18
13.97	18
13.98	18
13.99	18
14	18
14.01	18
14.02	18
14.03	18
14.04	18
14.05	18
14.06	18
14.07	18
14.08	18
14.09	18
14.1	18
14.11	18
14.12	18
14.13	18
14.14	18
14.15	18
14.16	18
14.17	18
14.18	18
14.19	18
14.2	18
14.21	18
14.22	18
14.23	18
14.24	18
14.25	18
14.26	18
14.27	18
14.28	18
14.29	18
14.3	18
14.31	18
14.32	18
14.33	18
14.34	18
14.35	18
14.36	18
14.37	18
14.38	18
14.39	18
14.4	18
14.41	18
14.42	18
14.43	18
14.44	18
14.45	18
14.46	18
14.47	18
14.48	18
14.49	18
14.5	18
14.51	20
14.52	20
14.53	20
14.54	22
14.55	23
14.56	21
14.57	21
14.58	21
14.59	21
14.6	21
14.61	22
14.62	20
14.63	20
14.64	20
14.65	18
14.66	18
14.67	18
14.68	18
14.69	18
14.7	18
14.71	18
14.72	18
14.73	18
14.74	18
14.75	18
14.76	18
14.77	18
14.78	18
14.79	18
14.8	18
14.81	18
14.82	18
14.83	18
14.84	18
14.85	18
14.86	20
14.87	20
14.88	20
14.89	22
14.9	21
14.91	21
14.92	19
14.93	19
14.94	21
14.95	19
14.96	23
14.97	21
14.98	22
14.99	20
15	20
15.01	22
15.02	21
15.03	21
15.04	19
15.05	19
15.06	19
15.07	19
15.08	19
15.09	19
15.1	19
15.11	19
15.12	19
15.13	19
15.14	19
15.15	19
15.16	19
15.17	19
15.18	19
15.19	19
15.2	19
15.21	19
15.22	21
15.23	21
15.24	21
15.25	21
15.26	21
15.27	21
15.28	22
15.29	22
15.3	21
15.31	21
15.32	21
15.33	21
15.34	21
15.35	21
15.36	21
15.37	21
15.38	21
15.39	21
15.4	21
15.41	21
15.42	21
15.43	21
15.44	21
15.45	21
15.46	21
15.47	21
15.48	21
15.49	21
15.5	21
15.51	21
15.52	21
15.53	21
15.54	21
15.55	21
15.56	21
15.57	21
15.58	21
15.59	21
15.6	21
15.61	21
15.62	19
15.63	19
15.64	19
15.65	19
15.66	19
15.67	19
15.68	19
15.69	19
15.7	19
15.71	19
15.72	19
15.73	19
15.74	19
15.75	19
15.76	19
15.77	19
15.78	19
15.79	19
15.8	19
15.81	19
15.82	19
15.83	19
15.84	17
15.85	17
15.86	17
15.87	17
15.88	17
15.89	17
15.9	17
15.91	17
15.92	17
15.93	17
15.94	17
15.95	17
15.96	17
15.97	17
15.98	17
15.99	17
16	17
16.01	17
16.02	17
16.03	17
16.04	19
16.05	19
16.06	19
16.07	19
16.08	21
16.09	20
16.1	20
16.11	20
16.12	18
16.13	18
16.14	18
16.15	18
16.16	18
16.17	18
16.18	18
16.19	18
16.2	18
16.21	18
16.22	18
16.23	18
16.24	18
16.25	18
16.26	18
16.27	18
16.28	18
16.29	18
16.3	18
16.31	18
16.32	18
16.33	20
16.34	20
16.35	20
16.36	22
16.37	22
16.38	20
16.39	20
16.4	20
16.41	20
16.42	20
16.43	20
16.44	20
16.45	20
16.46	20
16.47	20
16.48	20
16.49	20
16.5	23
16.51	21
16.52	23
16.53	20
16.54	20
16.55	20
16.56	20
16.57	20
16.58	20
16.59	20
16.6	20
16.61	20
16.62	20
16.63	20
16.64	22
16.65	22
16.66	23
16.67	21
16.68	21
16.69	21
16.7	21
16.71	19
16.72	21
16.73	21
16.74	22
16.75	20
16.76	20
16.77	18
16.78	18
16.79	18
16.8	18
16.81	18
16.82	18
16.83	18
16.84	18
16.85	18
16.86	18
16.87	18
16.88	18
16.89	18
16.9	18
16.91	18
16.92	18
16.93	18
16.94	18
16.95	18
16.96	18
16.97	18
16.98	18
16.99	18
17	18
17.01	18
17.02	18
17.03	18
17.04	20
17.05	20
17.06	20
17.07	20
17.08	18
17.09	18
17.1	18
17.11	20
17.12	20
17.13	20
17.14	20
17.15	20
17.16	20
17.17	20
17.18	20
17.19	20
17.2	20
17.21	20
17.22	18
17.23	18
17.24	18
17.25	18
17.26	18
17.27	18
17.28	18
17.29	18
17.3	18
17.31	18
17.32	18
17.33	18
17.34	18
17.35	18
17.36	18
17.37	18
17.38	18
17.39	18
17.4	18
17.41	18
17.42	18
17.43	16
17.44	16
17.45	16
17.46	16
17.47	18
17.48	18
17.49	18
17.5	18
17.51	18
17.52	18
17.53	18
17.54	18
17.55	18
17.56	18
17.57	18
17.58	18
17.59	18
17.6	18
17.61	18
17.62	18
17.63	18
17.64	18
17.65	18
17.66	18
17.67	18
17.68	18
17.69	18
17.7	18
17.71	18
17.72	18
17.73	18
17.74	18
17.75	18
17.76	18
17.77	18
17.78	18
17.79	18
17.8	18
17.81	18
17.82	18
17.83	18
17.84	18
17.85	18
17.86	18
17.87	18
17.88	18
17.89	18
17.9	18
17.91	18
17.92	18
17.93	18
17.94	18
17.95	18
17.96	18
17.97	18
17.98	18
17.99	18
18	18
18.01	18
18.02	18
18.03	18
18.04	18
18.05	18
18.06	18
18.07	18
18.08	18
18.09	18
18.1	18
18.11	18
18.12	18
18.13	18
18.14	18
18.15	18
18.16	18
18.17	18
18.18	18
18.19	18
18.2	18
18.21	18
18.22	18
18.23	18
18.24	18
18.25	18
18.26	18
18.27	18
18.28	18
18.29	18
18.3	18
18.31	18
18.32	18
18.33	18
18.34	18
18.35	18
18.36	18
18.37	18
18.38	18
18.39	18
18.4	20
18.41	20
18.42	20
18.43	22
18.44	21
18.45	22
18.46	22
18.47	22
18.48	20
18.49	20
18.5	20
18.51	20
18.52	20
18.53	20
18.54	20
18.55	20
18.56	20
18.57	20
18.58	20
18.59	20
18.6	20
18.61	20
18.62	20
18.63	20
18.64	20
18.65	20
18.66	22
18.67	21
18.68	21
18.69	19
18.7	19
18.71	19
18.72	19
18.73	19
18.74	19
18.75	19
18.76	19
18.77	19
18.78	19
18.79	19
18.8	19
18.81	21
18.82	19
18.83	19
18.84	19
18.85	19
18.86	19
18.87	19
18.88	19
18.89	19
18.9	19
18.91	19
18.92	19
18.93	19
18.94	19
18.95	19
18.96	21
18.97	21
18.98	22
18.99	22
19	20
19.01	20
19.02	20
19.03	20
19.04	20
19.05	20
19.06	20
19.07	20
19.08	20
19.09	20
19.1	20
19.11	20
19.12	20
19.13	20
19.14	20
19.15	20
19.16	20
19.17	20
19.18	20
19.19	20
19.2	20
19.21	20
19.22	20
19.23	20
19.24	20
19.25	20
19.26	20
19.27	20
19.28	20
19.29	20
19.3	20
19.31	20
19.32	20
19.33	20
19.34	20
19.35	20
19.36	20
19.37	22
19.38	23
19.39	21
19.4	21
19.41	21
19.42	21
19.43	21
19.44	21
19.45	21
19.46	21
19.47	21
19.48	22
19.49	22
19.5	22
19.51	20
19.52	20
19.53	22
19.54	22
19.55	23
19.56	22
19.57	21
19.58	23
19.59	22
19.6	22
19.61	20
19.62	20
19.63	20
19.64	20
19.65	20
19.66	18
19.67	18
19.68	18
19.69	18
19.7	18
19.71	18
19.72	18
19.73	18
19.74	18
19.75	18
19.76	18
19.77	18
19.78	18
19.79	18
19.8	18
19.81	18
19.82	18
19.83	18
19.84	18
19.85	18
19.86	18
19.87	18
19.88	18
19.89	18
19.9	18
19.91	18
19.92	18
19.93	18
19.94	18
19.95	18
19.96	18
19.97	18
19.98	18
19.99	18
20	18
20.01	18
20.02	18
20.03	18
20.04	18
20.05	18
20.06	18
20.07	18
20.08	18
20.09	18
20.1	18
20.11	18
20.12	18
20.13	18
20.14	18
20.15	18
20.16	18
20.17	18
20.18	18
20.19	18
20.2	18
20.21	18
20.22	18
20.23	18
20.24	18
20.25	18
20.26	18
20.27	18
20.28	18
20.29	18
20.3	18
20.31	18
20.32	18
20.33	18
20.34	18
20.35	18
20.36	18
20.37	18
20.38	18
20.39	18
20.4	18
20.41	18
20.42	18
20.43	18
20.44	18
20.45	18
20.46	20
20.47	20
20.48	20
20.49	20
20.5	22
20.51	21
20.52	19
20.53	19
20.54	19
20.55	19
20.56	19
20.57	19
20.58	19
20.59	21
20.6	20
20.61	20
20.62	18
20.63	18
20.64	18
20.65	18
20.66	18
20.67	18
20.68	18
20.69	18
20.7	20
20.71	20
20.72	20
20.73	20
20.74	20
20.75	20
20.76	20
20.77	20
20.78	20
20.79	20
20.8	20
20.81	20
20.82	20
20.83	20
20.84	20
20.85	20
20.86	20
20.87	20
20.88	20
20.89	20
20.9	20
20.91	20
20.92	20
20.93	20
20.94	20
20.95	20
20.96	20
20.97	20
20.98	20
20.99	20
21	20
21.01	20
21.02	18
21.03	18
21.04	18
21.05	18
21.06	18
21.07	18
21.08	18
21.09	18
21.1	18
21.11	18
21.12	18
21.13	18
21.14	18
21.15	18
21.16	18
21.17	18
21.18	18
21.19	18
21.2	18
21.21	18
21.22	18
21.23	18
21.24	18
21.25	18
21.26	18
21.27	18
21.28	18
21.29	18
21.3	18
21.31	18
21.32	18
21.33	18
21.34	18
21.35	18
21.36	18
21.37	18
21.38	18
21.39	18
21.4	18
21.41	18
21.42	18
21.43	18
21.44	18
21.45	18
21.46	18
21.47	18
21.48	18
21.49	18
21.5	18
21.51	18
21.52	18
21.53	18
21.54	18
21.55	18
21.56	20
21.57	20
21.58	20
21.59	20
21.6	20
21.61	20
21.62	20
21.63	20
21.64	20
21.65	20
21.66	20
21.67	21
21.68	19
21.69	19
21.7	19
21.71	19
21.72	19
21.73	19
21.74	19
21.75	19
21.76	19
21.77	20
21.78	20
21.79	18
21.8	18
21.81	18
21.82	18
21.83	18
21.84	18
21.85	18
21.86	18
21.87	18
21.88	18
21.89	18
21.9	18
21.91	18
21.92	18
21.93	18
21.94	18
21.95	18
21.96	18
21.97	18
21.98	18
21.99	18
22	18
22.01	18
22.02	18
22.03	18
22.04	18
22.05	18
22.06	18
22.07	18
22.08	18
22.09	18
22.1	18
22.11	18
22.12	18
22.13	18
22.14	18
22.15	18
22.16	18
22.17	18
22.18	18
22.19	18
22.2	18
22.21	18
22.22	18
22.23	18
22.24	18
22.25	18
22.26	18
22.27	18
22.28	18
22.29	18
22.3	18
22.31	18
22.32	18
22.33	18
22.34	18
22.35	18
22.36	18
22.37	18
22.38	18
22.39	18
22.4	18
22.41	18
22.42	18
22.43	18
22.44	18
22.45	18
22.46	18
22.47	18
22.48	18
22.49	18
22.5	18
22.51	20
22.52	20
22.53	20
22.54	20
22.55	22
22.56	23
22.57	21
22.58	21
22.59	21
22.6	21
22.61	24
22.62	20
22.63	20
22.64	20
22.65	18
22.66	18
22.67	18
22.68	18
22.69	18
22.7	18
22.71	18
22.72	18
22.73	18
22.74	18
22.75	18
22.76	18
22.77	18
22.78	18
22.79	18
22.8	18
22.81	18
22.82	18
22.83	18
22.84	18
22.85	18
22.86	20
22.87	20
22.88	20
22.89	22
22.9	21
22.91	21
22.92	19
22.93	19
22.94	19
22.95	19
22.96	21
22.97	21
22.98	22
22.99	20
23	20
23.01	22
23.02	21
23.03	21
23.04	21
23.05	19
23.06	19
23.07	19
23.08	19
23.09	19
23.1	19
23.11	19
23.12	19
23.13	19
23.14	19
23.15	19
23.16	19
23.17	19
23.18	19
23.19	19
23.2	19
23.21	19
23.22	19
23.23	21
23.24	21
23.25	21
23.26	21
23.27	21
23.28	21
23.29	22
23.3	21
23.31	21
23.32	21
23.33	21
23.34	21
23.35	21
23.36	21
23.37	21
23.38	21
23.39	21
23.4	21
23.41	21
23.42	21
23.43	21
23.44	21
23.45	21
23.46	21
23.47	21
23.48	21
23.49	21
23.5	23
23.51	23
23.52	21
23.53	21
23.54	21
23.55	21
23.56	21
23.57	21
23.58	21
23.59	21
23.6	21
23.61	21
23.62	19
23.63	19
23.64	19
23.65	19
23.66	19
23.67	19
23.68	19
23.69	19
23.7	19
23.71	19
23.72	19
23.73	19
23.74	19
23.75	19
23.76	19
23.77	19
23.78	19
23.79	19
23.8	19
23.81	19
23.82	19
23.83	19
23.84	17
23.85	17
23.86	17
23.87	17
23.88	17
23.89	17
23.9	17
23.91	17
23.92	17
23.93	17
23.94	17
23.95	17
23.96	17
23.97	17
23.98	17
23.99	17
24	17
24.01	17
24.02	17
24.03	17
24.04	17
24.05	19
24.06	19
24.07	19
24.08	21
24.09	22
24.1	20
24.11	20
24.12	18
24.13	18
24.14	18
24.15	18
24.16	18
24.17	18
24.18	18
24.19	18
24.2	18
24.21	18
24.22	18
24.23	18
24.24	18
24.25	18
24.26	18
24.27	18
24.28	18
24.29	18
24.3	18
24.31	18
24.32	18
24.33	20
24.34	20
24.35	20
24.36	22
24.37	22
24.38	20
24.39	20
24.4	20
24.41	20
24.42	20
24.43	20
24.44	20
24.45	20
24.46	20
24.47	20
24.48	20
24.49	22
24.5	21
24.51	21
24.52	21
24.53	22
24.54	22
24.55	20
24.56	20
24.57	20
24.58	20
24.59	20
24.6	20
24.61	20
24.62	20
24.63	20
24.64	22
24.65	22
24.66	23
24.67	21
24.68	21
24.69	21
24.7	19
24.71	21
24.72	19
24.73	21
24.74	22
24.75	20
24.76	20
24.77	20
24.78	18
24.79	18
24.8	18
24.81	18
24.82	18
24.83	18
24.84	18
24.85	18
24.86	18
24.87	18
24.88	18
24.89	18
24.9	18
24.91	18
24.92	18
24.93	18
24.94	18
24.95	18
24.96	18
24.97	18
24.98	18
24.99	18
25	18
25.01	18
25.02	18
25.03	18
25.04	18
25.05	20
25.06	20
25.07	20
25.08	18
25.09	18
25.1	18
25.11	18
25.12	20
25.13	20
25.14	20
25.15	20
25.16	20
25.17	20
25.18	20
25.19	20
25.2	20
25.21	20
25.22	18
25.23	18
25.24	18
25.25	18
25.26	18
25.27	18
25.28	18
25.29	18
25.3	18
25.31	18
25.32	18
25.33	18
25.34	18
25.35	18
25.36	18
25.37	18
25.38	18
25.39	18
25.4	18
25.41	16
25.42	16
25.43	16
25.44	16
25.45	16
25.46	16
25.47	16
25.48	16
25.49	18
25.5	18
25.51	18
25.52	18
25.53	18
25.54	18
25.55	18
25.56	18
25.57	18
25.58	18
25.59	18
25.6	18
25.61	18
25.62	18
25.63	18
25.64	18
25.65	18
25.66	18
25.67	18
25.68	18
25.69	18
25.7	18
25.71	18
25.72	18
25.73	18
25.74	18
25.75	18
25.76	18
25.77	18
25.78	18
25.79	18
25.8	18
25.81	18
25.82	18
25.83	18
25.84	18
25.85	18
25.86	18
25.87	18
25.88	18
25.89	18
25.9	18
25.91	18
25.92	18
25.93	18
25.94	18
25.95	18
25.96	18
25.97	18
25.98	18
25.99	18
26	18
26.01	18
26.02	18
26.03	18
26.04	18
26.05	18
26.06	18
26.07	18
26.08	18
26.09	18
26.1	18
26.11	18
26.12	18
26.13	18
26.14	18
26.15	18
26.16	18
26.17	18
26.18	18
26.19	18
26.2	18
26.21	18
26.22	18
26.23	18
26.24	18
26.25	18
26.26	18
26.27	18
26.28	18
26.29	18
26.3	18
26.31	18
26.32	18
26.33	18
26.34	18
26.35	18
26.36	18
26.37	18
26.38	18
26.39	18
26.4	20
26.41	20
26.42	20
26.43	22
26.44	23
26.45	23
26.46	23
26.47	22
26.48	22
26.49	22
26.5	20
26.51	20
26.52	20
26.53	20
26.54	20
26.55	20
26.56	20
26.57	20
26.58	20
26.59	20
26.6	20
26.61	20
26.62	20
26.63	20
26.64	20
26.65	20
26.66	22
26.67	21
26.68	21
26.69	21
26.7	19
26.71	19
26.72	19
26.73	19
26.74	19
26.75	19
26.76	19
26.77	19
26.78	19
26.79	19
26.8	19
26.81	19
26.82	21
26.83	19
26.84	19
26.85	19
26.86	19
26.87	19
26.88	19
26.89	19
26.9	19
26.91	19
26.92	19
26.93	19
26.94	19
26.95	21
26.96	21
26.97	21
26.98	22
26.99	22
27	20
27.01	20
27.02	20
27.03	20
27.04	20
27.05	20
27.06	20
27.07	20
27.08	20
27.09	20
27.1	20
27.11	20
27.12	20
27.13	20
27.14	20
27.15	20
27.16	20
27.17	20
27.18	20
27.19	20
27.2	20
27.21	20
27.22	20
27.23	20
27.24	20
27.25	20
27.26	20
27.27	20
27.28	20
27.29	20
27.3	20
27.31	20
27.32	20
27.33	20
27.34	20
27.35	20
27.36	20
27.37	22
27.38	22
27.39	21
27.4	21
27.41	21
27.42	21
27.43	21
27.44	21
27.45	21
27.46	21
27.47	21
27.48	22
27.49	22
27.5	22
27.51	20
27.52	20
27.53	22
27.54	22
27.55	22
27.56	23
27.57	23
27.58	23
27.59	22
27.6	22
27.61	20
27.62	20
27.63	20
27.64	20
27.65	20
27.66	18
27.67	18
27.68	18
27.69	18
27.7	18
27.71	18
27.72	18
27.73	18
27.74	18
27.75	18
27.76	18
27.77	18
27.78	18
27.79	18
27.8	18
27.81	18
27.82	18
27.83	18
27.84	18
27.85	18
27.86	18
27.87	18
27.88	18
27.89	18
27.9	18
27.91	18
27.92	18
27.93	18
27.94	18
27.95	18
27.96	18
27.97	18
27.98	18
27.99	18
28	18
28.01	18
28.02	18
28.03	18
28.04	18
28.05	18
28.06	18
28.07	18
28.08	18
28.09	18
28.1	18
28.11	18
28.12	18
28.13	18
28.14	18
28.15	18
28.16	18
28.17	18
28.18	18
28.19	18
28.2	18
28.21	18
28.22	18
28.23	18
28.24	18
28.25	18
28.26	18
28.27	18
28.28	18
28.29	18
28.3	18
28.31	18
28.32	18
28.33	18
28.34	18
28.35	18
28.36	18
28.37	18
28.38	18
28.39	18
28.4	18
28.41	18
28.42	18
28.43	18
28.44	18
28.45	18
28.46	20
28.47	20
28.48	20
28.49	20
28.5	22
28.51	21
28.52	19
28.53	19
28.54	19
28.55	19
28.56	19
28.57	19
28.58	19
28.59	21
28.6	22
28.61	20
28.62	20
28.63	18
28.64	18
28.65	18
28.66	18
28.67	18
28.68	18
28.69	18
28.7	20
28.71	20
28.72	20
28.73	20
28.74	20
28.75	20
28.76	20
28.77	20
28.78	20
28.79	22
28.8	20
28.81	20
28.82	20
28.83	20
28.84	20
28.85	20
28.86	20
28.87	20
28.88	20
28.89	20
28.9	20
28.91	20
28.92	20
28.93	20
28.94	20
28.95	20
28.96	20
28.97	20
28.98	20
28.99	20
29	20
29.01	20
29.02	20
29.03	20
29.04	18
29.05	18
29.06	18
29.07	18
29.08	18
29.09	18
29.1	18
29.11	18
29.12	18
29.13	18
29.14	18
29.15	18
29.16	18
29.17	18
29.18	18
29.19	18
29.2	18
29.21	18
29.22	18
29.23	18
29.24	18
29.25	18
29.26	18
29.27	18
29.28	18
29.29	18
29.3	18
29.31	18
29.32	18
29.33	18
29.34	18
29.35	18
29.36	18
29.37	18
29.38	18
29.39	18
29.4	18
29.41	18
29.42	18
29.43	18
29.44	18
29.45	18
29.46	18
29.47	18
29.48	18
29.49	18
29.5	18
29.51	18
29.52	18
29.53	18
29.54	18
29.55	18
29.56	20
29.57	20
29.58	20
29.59	20
29.6	20
29.61	20
29.62	20
29.63	20
29.64	20
29.65	20
29.66	20
29.67	21
29.68	21
29.69	19
29.7	19
29.71	19
29.72	19
29.73	19
29.74	19
29.75	19
29.76	19
29.77	21
29.78	20
29.79	20
29.8	18
29.81	18
29.82	18
29.83	18
29.84	18
29.85	18
29.86	18
29.87	18
29.88	18
29.89	18
29.9	18
29.91	18
29.92	18
29.93	18
29.94	18
29.95	18
29.96	18
29.97	18
29.98	18
29.99	18
30	18
30.01	18
30.02	18
30.03	18
30.04	18
30.05	18
30.06	18
30.07	18
30.08	18
30.09	18
30.1	18
30.11	18
30.12	18
30.13	18
30.14	18
30.15	18
30.16	18
30.17	18
30.18	18
30.19	18
30.2	18
30.21	18
30.22	18
30.23	18
30.24	18
30.25	18
30.26	18
30.27	18
30.28	18
30.29	18
30.3	18
30.31	18
30.32	18
30.33	18
30.34	18
30.35	18
30.36	18
30.37	18
30.38	18
30.39	18
30.4	18
30.41	18
30.42	18
30.43	18
30.44	18
30.45	18
30.46	18
30.47	18
30.48	18
30.49	18
30.5	18
30.51	20
30.52	20
30.53	20
30.54	20
30.55	22
30.56	21
30.57	21
30.58	21
30.59	21
30.6	21
30.61	23
30.62	22
30.63	20
30.64	20
30.65	18
30.66	18
30.67	18
30.68	18
30.69	18
30.7	18
30.71	18
30.72	18
30.73	18
30.74	18
30.75	18
30.76	18
30.77	18
30.78	18
30.79	18
30.8	18
30.81	18
30.82	18
30.83	18
30.84	18
30.85	18
30.86	20
30.87	20
30.88	20
30.89	22
30.9	21
30.91	21
30.92	19
30.93	19
30.94	19
30.95	19
30.96	21
30.97	21
30.98	23
30.99	22
31	20
31.01	20
31.02	22
31.03	21
31.04	21
31.05	19
31.06	19
31.07	19
31.08	19
31.09	19
31.1	19
31.11	19
31.12	19
31.13	19
31.14	19
31.15	19
31.16	19
31.17	19
31.18	19
31.19	19
31.2	19
31.21	19
31.22	19
31.23	21
31.24	21
31.25	21
31.26	21
31.27	21
31.28	21
31.29	21
31.3	21
31.31	21
31.32	21
31.33	21
31.34	21
31.35	21
31.36	21
31.37	21
31.38	21
31.39	21
31.4	21
31.41	21
31.42	21
31.43	21
31.44	21
31.45	21
31.46	21
31.47	21
31.48	21
31.49	21
31.5	21
31.51	21
31.52	21
31.53	21
31.54	21
31.55	21
31.56	21
31.57	21
31.58	21
31.59	21
31.6	21
31.61	21
31.62	21
31.63	19
31.64	19
31.65	19
31.66	19
31.67	19
31.68	19
31.69	19
31.7	19
31.71	19
31.72	19
31.73	19
31.74	19
31.75	19
31.76	19
31.77	19
31.78	19
31.79	19
31.8	19
31.81	19
31.82	19
31.83	19
31.84	19
31.85	17
31.86	17
31.87	17
31.88	17
31.89	17
31.9	17
31.91	17
31.92	17
31.93	17
31.94	17
31.95	17
31.96	17
31.97	17
31.98	17
31.99	17
32	17
32.01	17
32.02	17
32.03	17
32.04	17
32.05	19
32.06	19
32.07	19
32.08	19
32.09	21
32.1	20
32.11	20
32.12	20
32.13	18
32.14	18
32.15	18
32.16	18
32.17	18
32.18	18
32.19	18
32.2	18
32.21	18
32.22	18
32.23	18
32.24	18
32.25	18
32.26	18
32.27	18
32.28	18
32.29	18
32.3	18
32.31	18
32.32	18
32.33	20
32.34	20
32.35	20
32.36	20
32.37	22
32.38	20
32.39	20
32.4	20
32.41	20
32.42	20
32.43	20
32.44	20
32.45	20
32.46	20
32.47	20
32.48	20
32.49	22
32.5	21
32.51	21
32.52	21
32.53	22
32.54	22
32.55	20
32.56	20
32.57	20
32.58	20
32.59	20
32.6	20
32.61	20
32.62	20
32.63	20
32.64	22
32.65	23
32.66	23
32.67	21
32.68	21
32.69	21
32.7	19
32.71	21
32.72	19
32.73	21
32.74	21
32.75	20
32.76	20
32.77	20
32.78	18
32.79	18
32.8	18
32.81	18
32.82	18
32.83	18
32.84	18
32.85	18
32.86	18
32.87	18
32.88	18
32.89	18
32.9	18
32.91	18
32.92	18
32.93	18
32.94	18
32.95	18
32.96	18
32.97	18
32.98	18
32.99	18
33	18
33.01	18
33.02	18
33.03	18
33.04	20
33.05	20
33.06	20
33.07	20
33.08	20
33.09	20
33.1	20
33.11	20
33.12	20
33.13	20
33.14	20
33.15	20
33.16	20
33.17	20
33.18	20
33.19	20
33.2	20
33.21	20
33.22	18
33.23	18
33.24	18
33.25	18
33.26	18
33.27	18
33.28	18
33.29	18
33.3	18
33.31	18
33.32	18
33.33	18
33.34	18
33.35	18
33.36	18
33.37	18
33.38	18
33.39	18
33.4	18
33.41	18
33.42	18
33.43	16
33.44	16
33.45	16
33.46	16
33.47	16
33.48	18
33.49	18
33.5	18
33.51	18
33.52	18
33.53	18
33.54	18
33.55	18
33.56	18
33.57	18
33.58	18
33.59	18
33.6	18
33.61	18
33.62	18
33.63	18
33.64	18
33.65	18
33.66	18
33.67	18
33.68	18
33.69	18
33.7	18
33.71	18
33.72	18
33.73	18
33.74	18
33.75	18
33.76	18
33.77	18
33.78	18
33.79	18
33.8	18
33.81	18
33.82	18
33.83	18
33.84	18
33.85	18
33.86	18
33.87	18
33.88	18
33.89	18
33.9	18
33.91	18
33.92	18
33.93	18
33.94	18
33.95	18
33.96	18
33.97	18
33.98	18
33.99	18
34	18
34.01	18
34.02	18
34.03	18
34.04	18
34.05	18
34.06	18
34.07	18
34.08	18
34.09	18
34.1	18
34.11	18
34.12	18
34.13	18
34.14	18
34.15	18
34.16	18
34.17	18
34.18	18
34.19	18
34.2	18
34.21	18
34.22	18
34.23	18
34.24	18
34.25	18
34.26	18
34.27	18
34.28	18
34.29	18
34.3	18
34.31	18
34.32	18
34.33	18
34.34	18
34.35	18
34.36	18
34.37	18
34.38	18
34.39	18
34.4	20
34.41	20
34.42	20
34.43	20
34.44	22
34.45	21
34.46	22
34.47	22
34.48	22
34.49	22
34.5	20
34.51	20
34.52	20
34.53	20
34.54	20
34.55	20
34.56	20
34.57	20
34.58	20
34.59	20
34.6	20
34.61	20
34.62	20
34.63	20
34.64	20
34.65	20
34.66	22
34.67	21
34.68	21
34.69	19
34.7	19
34.71	19
34.72	19
34.73	19
34.74	19
34.75	19
34.76	19
34.77	19
34.78	19
34.79	19
34.8	19
34.81	19
34.82	19
34.83	19
34.84	19
34.85	19
34.86	19
34.87	19
34.88	19
34.89	19
34.9	19
34.91	19
34.92	19
34.93	19
34.94	19
34.95	19
34.96	21
34.97	21
34.98	23
34.99	22
35	22
35.01	20
35.02	20
35.03	20
35.04	20
35.05	20
35.06	20
35.07	20
35.08	20
35.09	20
35.1	20
35.11	20
35.12	20
35.13	20
35.14	20
35.15	20
35.16	20
35.17	20
35.18	20
35.19	20
35.2	20
35.21	20
35.22	20
35.23	20
35.24	20
35.25	20
35.26	20
35.27	20
35.28	20
35.29	20
35.3	20
35.31	20
35.32	20
35.33	20
35.34	20
35.35	20
35.36	20
35.37	22
35.38	22
35.39	21
35.4	21
35.41	21
35.42	21
35.43	21
35.44	21
35.45	21
35.46	21
35.47	21
35.48	21
35.49	22
35.5	22
35.51	20
35.52	20
35.53	22
35.54	22
35.55	22
35.56	23
35.57	22
35.58	23
35.59	22
35.6	22
35.61	20
35.62	20
35.63	20
35.64	20
35.65	20
35.66	20
35.67	18
35.68	18
35.69	18
35.7	18
35.71	18
35.72	18
35.73	18
35.74	18
35.75	18
35.76	18
35.77	18
35.78	18
35.79	18
35.8	18
35.81	18
35.82	18
35.83	18
35.84	18
35.85	18
35.86	18
35.87	18
35.88	18
35.89	18
35.9	18
35.91	18
35.92	18
35.93	18
35.94	18
35.95	18
35.96	18
35.97	18
35.98	18
35.99	18
36	18
36.01	18
36.02	18
36.03	18
36.04	18
36.05	18
36.06	18
36.07	18
36.08	18
36.09	18
36.1	18
36.11	18
36.12	18
36.13	18
36.14	18
36.15	18
36.16	18
36.17	18
36.18	18
36.19	18
36.2	18
36.21	18
36.22	18
36.23	18
36.24	18
36.25	18
36.26	18
36.27	18
36.28	18
36.29	18
36.3	18
36.31	18
36.32	18
36.33	18
36.34	18
36.35	18
36.36	18
36.37	18
36.38	18
36.39	18
36.4	18
36.41	18
36.42	18
36.43	18
36.44	18
36.45	18
36.46	18
36.47	20
36.48	20
36.49	20
36.5	20
36.51	22
36.52	19
36.53	19
36.54	19
36.55	19
36.56	19
36.57	19
36.58	19
36.59	19
36.6	21
36.61	20
36.62	20
36.63	18
36.64	18
36.65	18
36.66	18
36.67	18
36.68	18
36.69	18
36.7	18
36.71	20
36.72	20
36.73	20
36.74	20
36.75	20
36.76	20
36.77	20
36.78	20
36.79	22
36.8	20
36.81	20
36.82	20
36.83	20
36.84	20
36.85	20
36.86	20
36.87	20
36.88	20
36.89	20
36.9	20
36.91	20
36.92	20
36.93	20
36.94	20
36.95	20
36.96	20
36.97	20
36.98	20
36.99	20
37	20
37.01	20
37.02	20
37.03	18
37.04	18
37.05	18
37.06	18
37.07	18
37.08	18
37.09	18
37.1	18
37.11	18
37.12	18
37.13	18
37.14	18
37.15	18
37.16	18
37.17	18
37.18	18
37.19	18
37.2	18
37.21	18
37.22	18
37.23	18
37.24	18
37.25	18
37.26	18
37.27	18
37.28	18
37.29	18
37.3	18
37.31	18
37.32	18
37.33	18
37.34	18
37.35	18
37.36	18
37.37	18
37.38	18
37.39	18
37.4	18
37.41	18
37.42	18
37.43	18
37.44	18
37.45	18
37.46	18
37.47	18
37.48	18
37.49	18
37.5	18
37.51	18
37.52	18
37.53	18
37.54	18
37.55	18
37.56	18
37.57	20
37.58	20
37.59	20
37.6	20
37.61	20
37.62	20
37.63	20
37.64	20
37.65	20
37.66	20
37.67	22
37.68	21
37.69	21
37.7	19
37.71	19
37.72	19
37.73	19
37.74	19
37.75	19
37.76	19
37.77	21
37.78	20
37.79	20
37.8	18
37.81	18
37.82	18
37.83	18
37.84	18
37.85	18
37.86	18
37.87	18
37.88	18
37.89	18
37.9	18
37.91	18
37.92	18
37.93	18
37.94	18
37.95	18
37.96	18
37.97	18
37.98	18
37.99	18
38	18
38.01	18
38.02	18
38.03	18
38.04	18
38.05	18
38.06	18
38.07	18
38.08	18
38.09	18
38.1	18
38.11	18
38.12	18
38.13	18
38.14	18
38.15	18
38.16	18
38.17	18
38.18	18
38.19	18
38.2	18
38.21	18
38.22	18
38.23	18
38.24	18
38.25	18
38.26	18
38.27	18
38.28	18
38.29	18
38.3	18
38.31	18
38.32	18
38.33	18
38.34	18
38.35	18
38.36	18
38.37	18
38.38	18
38.39	18
38.4	18
38.41	18
38.42	18
38.43	18
38.44	18
38.45	18
38.46	18
38.47	18
38.48	18
38.49	20
38.5	20
38.51	20
38.52	20
38.53	20
38.54	20
38.55	22
38.56	23
38.57	21
38.58	21
38.59	21
38.6	21
38.61	21
38.62	22
38.63	20
38.64	20
38.65	20
38.66	18
38.67	18
38.68	18
38.69	18
38.7	18
38.71	18
38.72	18
38.73	18
38.74	18
38.75	18
38.76	18
38.77	18
38.78	18
38.79	18
38.8	18
38.81	18
38.82	18
38.83	18
38.84	18
38.85	18
38.86	18
38.87	20
38.88	20
38.89	20
38.9	23
38.91	21
38.92	21
38.93	19
38.94	19
38.95	19
38.96	21
38.97	21
38.98	21
38.99	22
39	20
39.01	20
39.02	22
39.03	21
39.04	21
39.05	19
39.06	19
39.07	19
39.08	19
39.09	19
39.1	19
39.11	19
39.12	19
39.13	19
39.14	19
39.15	19
39.16	19
39.17	19
39.18	19
39.19	19
39.2	19
39.21	19
39.22	19
39.23	19
39.24	21
39.25	21
39.26	21
39.27	21
39.28	21
39.29	21
39.3	21
39.31	21
39.32	21
39.33	21
39.34	21
39.35	21
39.36	21
39.37	21
39.38	21
39.39	21
39.4	21
39.41	21
39.42	21
39.43	21
39.44	21
39.45	21
39.46	21
39.47	21
39.48	21
39.49	21
39.5	21
39.51	21
39.52	21
39.53	21
39.54	21
39.55	21
39.56	21
39.57	21
39.58	21
39.59	21
39.6	21
39.61	21
39.62	19
39.63	21
39.64	19
39.65	19
39.66	19
39.67	19
39.68	19
39.69	19
39.7	19
39.71	19
39.72	19
39.73	19
39.74	19
39.75	19
39.76	19
39.77	19
39.78	19
39.79	19
39.8	19
39.81	19
39.82	19
39.83	19
39.84	19
39.85	17
39.86	17
39.87	17
39.88	17
39.89	17
39.9	17
39.91	17
39.92	17
39.93	17
39.94	17
39.95	17
39.96	17
39.97	17
39.98	17
39.99	17
40	17
40.01	17
40.02	17
40.03	17
40.04	17
40.05	19
40.06	19
40.07	19
40.08	19
40.09	21
40.1	20
40.11	20
40.12	20
40.13	18
40.14	18
40.15	18
40.16	18
40.17	18
40.18	18
40.19	18
40.2	18
40.21	18
40.22	18
40.23	18
40.24	18
40.25	18
40.26	18
40.27	18
40.28	18
40.29	18
40.3	18
40.31	18
40.32	18
40.33	20
40.34	20
40.35	20
40.36	20
40.37	20
40.38	22
40.39	22
40.4	20
40.41	20
40.42	20
40.43	20
40.44	20
40.45	20
40.46	20
40.47	20
40.48	20
40.49	22
40.5	21
40.51	21
40.52	21
40.53	21
40.54	22
40.55	22
40.56	20
40.57	20
40.58	20
40.59	20
40.6	20
40.61	20
40.62	20
40.63	20
40.64	22
40.65	22
40.66	23
40.67	21
40.68	21
40.69	21
40.7	19
40.71	19
40.72	19
40.73	19
40.74	21
40.75	22
40.76	20
40.77	20
40.78	18
40.79	18
40.8	18
40.81	18
40.82	18
40.83	18
40.84	18
40.85	18
40.86	18
40.87	18
40.88	18
40.89	18
40.9	18
40.91	18
40.92	18
40.93	18
40.94	18
40.95	18
40.96	18
40.97	18
40.98	18
40.99	18
41	18
41.01	18
41.02	18
41.03	18
41.04	18
41.05	20
41.06	20
41.07	20
41.08	20
41.09	20
41.1	20
41.11	20
41.12	20
41.13	20
41.14	20
41.15	20
41.16	20
41.17	20
41.18	20
41.19	20
41.2	20
41.21	20
41.22	20
41.23	18
41.24	18
41.25	18
41.26	18
41.27	18
41.28	18
41.29	18
41.3	18
41.31	18
41.32	18
41.33	18
41.34	18
41.35	18
41.36	18
41.37	18
41.38	18
41.39	18
41.4	18
41.41	18
41.42	18
41.43	16
41.44	16
41.45	16
41.46	16
41.47	16
41.48	16
41.49	18
41.5	18
41.51	18
41.52	18
41.53	18
41.54	18
41.55	18
41.56	18
41.57	18
41.58	18
41.59	18
41.6	18
41.61	18
41.62	18
41.63	18
41.64	18
41.65	18
41.66	18
41.67	18
41.68	18
41.69	18
41.7	18
41.71	18
41.72	18
41.73	18
41.74	18
41.75	18
41.76	18
41.77	18
41.78	18
41.79	18
41.8	18
41.81	18
41.82	18
41.83	18
41.84	18
41.85	18
41.86	18
41.87	18
41.88	18
41.89	18
41.9	18
41.91	18
41.92	18
41.93	18
41.94	18
41.95	18
41.96	18
41.97	18
41.98	18
41.99	18
42	18
42.01	18
42.02	18
42.03	18
42.04	18
42.05	18
42.06	18
42.07	18
42.08	18
42.09	18
42.1	18
42.11	18
42.12	18
42.13	18
42.14	18
42.15	18
42.16	18
42.17	18
42.18	18
42.19	18
42.2	18
42.21	18
42.22	18
42.23	18
42.24	18
42.25	18
42.26	18
42.27	18
42.28	18
42.29	18
42.3	18
42.31	18
42.32	18
42.33	18
42.34	18
42.35	18
42.36	18
42.37	18
42.38	18
42.39	18
42.4	20
42.41	20
42.42	20
42.43	20
42.44	22
42.45	21
42.46	23
42.47	23
42.48	22
42.49	22
42.5	22
42.51	20
42.52	20
42.53	20
42.54	20
42.55	20
42.56	20
42.57	20
42.58	20
42.59	20
42.6	20
42.61	20
42.62	20
42.63	20
42.64	20
42.65	20
42.66	20
42.67	22
42.68	21
42.69	21
42.7	19
42.71	19
42.72	19
42.73	19
42.74	19
42.75	19
42.76	19
42.77	19
42.78	19
42.79	19
42.8	19
42.81	19
42.82	19
42.83	19
42.84	19
42.85	19
42.86	19
42.87	19
42.88	19
42.89	19
42.9	19
42.91	19
42.92	19
42.93	19
42.94	19
42.95	19
42.96	21
42.97	21
42.98	21
42.99	22
43	22
43.01	20
43.02	20
43.03	20
43.04	20
43.05	20
43.06	20
43.07	20
43.08	20
43.09	20
43.1	20
43.11	20
43.12	20
43.13	20
43.14	20
43.15	20
43.16	20
43.17	20
43.18	20
43.19	20
43.2	20
43.21	20
43.22	20
43.23	20
43.24	20
43.25	20
43.26	20
43.27	20
43.28	20
43.29	20
43.3	20
43.31	20
43.32	20
43.33	20
43.34	20
43.35	20
43.36	20
43.37	20
43.38	22
43.39	23
43.4	21
43.41	21
43.42	21
43.43	21
43.44	21
43.45	21
43.46	21
43.47	21
43.48	21
43.49	22
43.5	22
43.51	22
43.52	22
43.53	22
43.54	22
43.55	22
43.56	22
43.57	23
43.58	23
43.59	23
43.6	22
43.61	22
43.62	20
43.63	20
43.64	20
43.65	20
43.66	20
43.67	18
43.68	18
43.69	18
43.7	18
43.71	18
43.72	18
43.73	18
43.74	18
43.75	18
43.76	18
43.77	18
43.78	18
43.79	18
43.8	18
43.81	18
43.82	18
43.83	18
43.84	18
43.85	18
43.86	18
43.87	18
43.88	18
43.89	18
43.9	18
43.91	18
43.92	18
43.93	18
43.94	18
43.95	18
43.96	18
43.97	18
43.98	18
43.99	18
44	18
44.01	18
44.02	18
44.03	18
44.04	18
44.05	18
44.06	18
44.07	18
44.08	18
44.09	18
44.1	18
44.11	18
44.12	18
44.13	18
44.14	18
44.15	18
44.16	18
44.17	18
44.18	18
44.19	18
44.2	18
44.21	18
44.22	18
44.23	18
44.24	18
44.25	18
44.26	18
44.27	18
44.28	18
44.29	18
44.3	18
44.31	18
44.32	18
44.33	18
44.34	18
44.35	18
44.36	18
44.37	18
44.38	18
44.39	18
44.4	18
44.41	18
44.42	18
44.43	20
44.44	18
44.45	18
44.46	20
44.47	20
44.48	20
44.49	20
44.5	20
44.51	21
44.52	21
44.53	19
44.54	19
44.55	19
44.56	19
44.57	19
44.58	19
44.59	19
44.6	21
44.61	20
44.62	20
44.63	18
44.64	18
44.65	18
44.66	18
44.67	18
44.68	18
44.69	18
44.7	18
44.71	20
44.72	20
44.73	20
44.74	20
44.75	20
44.76	20
44.77	20
44.78	20
44.79	20
44.8	22
44.81	20
44.82	20
44.83	20
44.84	20
44.85	20
44.86	20
44.87	20
44.88	20
44.89	20
44.9	20
44.91	20
44.92	20
44.93	20
44.94	20
44.95	20
44.96	20
44.97	20
44.98	20
44.99	20
45	20
45.01	20
45.02	20
45.03	20
45.04	20
45.05	18
45.06	18
45.07	18
45.08	18
45.09	18
45.1	18
45.11	18
45.12	18
45.13	18
45.14	18
45.15	18
45.16	18
45.17	18
45.18	18
45.19	18
45.2	18
45.21	18
45.22	18
45.23	18
45.24	18
45.25	18
45.26	18
45.27	18
45.28	18
45.29	18
45.3	18
45.31	18
45.32	18
45.33	18
45.34	18
45.35	18
45.36	18
45.37	18
45.38	18
45.39	18
45.4	18
45.41	18
45.42	18
45.43	18
45.44	18
45.45	18
45.46	18
45.47	18
45.48	18
45.49	18
45.5	18
45.51	18
45.52	18
45.53	18
45.54	18
45.55	18
45.56	18
45.57	20
45.58	20
45.59	20
45.6	20
45.61	20
45.62	20
45.63	20
45.64	20
45.65	20
45.66	20
45.67	20
45.68	21
45.69	21
45.7	19
45.71	19
45.72	19
45.73	19
45.74	19
45.75	19
45.76	19
45.77	19
45.78	20
45.79	20
45.8	18
45.81	18
45.82	18
45.83	18
45.84	18
45.85	18
45.86	18
45.87	18
45.88	18
45.89	18
45.9	18
45.91	18
45.92	18
45.93	18
45.94	18
45.95	18
45.96	18
45.97	18
45.98	18
45.99	18
46	18
46.01	18
46.02	18
46.03	18
46.04	18
46.05	18
46.06	18
46.07	18
46.08	18
46.09	18
46.1	18
46.11	18
46.12	18
46.13	18
46.14	18
46.15	18
46.16	18
46.17	18
46.18	18
46.19	18
46.2	18
46.21	18
46.22	18
46.23	18
46.24	18
46.25	18
46.26	18
46.27	18
46.28	18
46.29	18
46.3	18
46.31	18
46.32	18
46.33	18
46.34	18
46.35	18
46.36	18
46.37	18
46.38	18
46.39	18
46.4	18
46.41	18
46.42	18
46.43	18
46.44	18
46.45	18
46.46	18
46.47	18
46.48	18
46.49	20
46.5	20
46.51	20
46.52	20
46.53	20
46.54	20
46.55	20
46.56	22
46.57	21
46.58	21
46.59	21
46.6	21
46.61	21
46.62	24
46.63	22
46.64	20
46.65	20
46.66	18
46.67	18
46.68	18
46.69	18
46.7	18
46.71	18
46.72	18
46.73	18
46.74	18
46.75	18
46.76	18
46.77	18
46.78	18
46.79	18
46.8	18
46.81	18
46.82	18
46.83	18
46.84	18
46.85	18
46.86	18
46.87	20
46.88	20
46.89	20
46.9	23
46.91	21
46.92	21
46.93	19
46.94	19
46.95	19
46.96	19
46.97	21
46.98	21
46.99	22
47	22
47.01	20
47.02	22
47.03	21
47.04	21
47.05	19
47.06	19
47.07	19
47.08	19
47.09	19
47.1	19
47.11	19
47.12	19
47.13	19
47.14	19
47.15	19
47.16	19
47.17	19
47.18	19
47.19	19
47.2	19
47.21	19
47.22	19
47.23	19
47.24	21
47.25	21
47.26	21
47.27	21
47.28	21
47.29	21
47.3	21
47.31	21
47.32	21
47.33	21
47.34	21
47.35	21
47.36	21
47.37	21
47.38	21
47.39	21
47.4	21
47.41	21
47.42	21
47.43	21
47.44	21
47.45	21
47.46	21
47.47	21
47.48	21
47.49	21
47.5	21
47.51	21
47.52	21
47.53	21
47.54	21
47.55	21
47.56	21
47.57	21
47.58	21
47.59	21
47.6	21
47.61	21
47.62	19
47.63	21
47.64	19
47.65	19
47.66	19
47.67	19
47.68	19
47.69	19
47.7	19
47.71	19
47.72	19
47.73	19
47.74	19
47.75	19
47.76	19
47.77	19
47.78	19
47.79	19
47.8	19
47.81	19
47.82	19
47.83	19
47.84	19
47.85	17
47.86	17
47.87	17
47.88	17
47.89	17
47.9	17
47.91	17
47.92	17
47.93	17
47.94	17
47.95	17
47.96	17
47.97	17
47.98	17
47.99	17
48	17
48.01	17
48.02	17
48.03	17
48.04	17
48.05	17
48.06	19
48.07	19
48.08	19
48.09	21
48.1	22
48.11	20
48.12	20
48.13	18
48.14	18
48.15	18
48.16	18
48.17	18
48.18	18
48.19	18
48.2	18
48.21	18
48.22	18
48.23	18
48.24	18
48.25	18
48.26	18
48.27	18
48.28	18
48.29	18
48.3	18
48.31	18
48.32	18
48.33	20
48.34	20
48.35	20
48.36	20
48.37	22
48.38	21
48.39	20
48.4	20
48.41	20
48.42	20
48.43	20
48.44	20
48.45	20
48.46	20
48.47	20
48.48	20
48.49	20
48.5	23
48.51	21
48.52	21
48.53	21
48.54	22
48.55	22
48.56	20
48.57	20
48.58	20
48.59	20
48.6	20
48.61	20
48.62	20
48.63	22
48.64	22
48.65	22
48.66	21
48.67	21
48.68	21
48.69	21
48.7	21
48.71	19
48.72	19
48.73	19
48.74	21
48.75	21
48.76	20
48.77	20
48.78	20
48.79	18
48.8	18
48.81	18
48.82	18
48.83	18
48.84	18
48.85	18
48.86	18
48.87	18
48.88	18
48.89	18
48.9	18
48.91	18
48.92	18
48.93	18
48.94	18
48.95	18
48.96	18
48.97	18
48.98	18
48.99	18
49	18
49.01	18
49.02	18
49.03	18
49.04	18
49.05	20
49.06	20
49.07	20
49.08	20
49.09	20
49.1	20
49.11	20
49.12	20
49.13	20
49.14	20
49.15	20
49.16	20
49.17	22
49.18	20
49.19	20
49.2	20
49.21	20
49.22	20
49.23	18
49.24	18
49.25	18
49.26	18
49.27	18
49.28	18
49.29	18
49.3	18
49.31	18
49.32	18
49.33	18
49.34	18
49.35	18
49.36	18
49.37	18
49.38	18
49.39	18
49.4	18
49.41	18
49.42	18
49.43	16
49.44	16
49.45	16
49.46	16
49.47	16
49.48	16
49.49	16
49.5	18
49.51	18
49.52	18
49.53	18
49.54	18
49.55	18
49.56	18
49.57	18
49.58	18
49.59	18
49.6	18
49.61	18
49.62	18
49.63	18
49.64	18
49.65	18
49.66	18
49.67	18
49.68	18
49.69	18
49.7	18
49.71	18
49.72	18
49.73	18
49.74	18
49.75	18
49.76	18
49.77	18
49.78	18
49.79	18
49.8	18
49.81	18
49.82	18
49.83	18
49.84	18
49.85	18
49.86	18
49.87	18
49.88	18
49.89	18
49.9	18
49.91	18
49.92	18
49.93	18
49.94	18
49.95	18
49.96	18
49.97	18
49.98	18
49.99	18
50	18
50.01	18
50.02	18
50.03	18
50.04	18
50.05	18
50.06	18
50.07	18
50.08	18
50.09	18
50.1	18
50.11	18
50.12	18
50.13	18
50.14	18
50.15	18
50.16	18
50.17	18
50.18	18
50.19	18
50.2	18
50.21	18
50.22	18
50.23	18
50.24	18
50.25	18
50.26	18
50.27	18
50.28	18
50.29	18
50.3	18
50.31	18
50.32	18
50.33	18
50.34	18
50.35	18
50.36	18
50.37	18
50.38	18
50.39	18
50.4	18
50.41	20
50.42	20
50.43	20
50.44	22
50.45	21
50.46	23
50.47	23
50.48	23
50.49	22
50.5	22
50.51	20
50.52	20
50.53	20
50.54	20
50.55	20
50.56	20
50.57	20
50.58	20
50.59	20
50.6	20
50.61	20
50.62	20
50.63	20
50.64	20
50.65	20
50.66	20
50.67	22
50.68	21
50.69	21
50.7	19
50.71	19
50.72	19
50.73	19
50.74	19
50.75	19
50.76	19
50.77	19
50.78	19
50.79	19
50.8	19
50.81	19
50.82	19
50.83	19
50.84	19
50.85	19
50.86	19
50.87	19
50.88	19
50.89	19
50.9	19
50.91	19
50.92	19
50.93	19
50.94	19
50.95	19
50.96	21
50.97	21
50.98	21
50.99	22
51	22
51.01	20
51.02	20
51.03	20
51.04	20
51.05	20
51.06	20
51.07	20
51.08	20
51.09	20
51.1	20
51.11	20
51.12	20
51.13	20
51.14	20
51.15	20
51.16	20
51.17	20
51.18	20
51.19	20
51.2	20
51.21	20
51.22	20
51.23	20
51.24	20
51.25	20
51.26	20
51.27	20
51.28	20
51.29	20
51.3	20
51.31	20
51.32	20
51.33	20
51.34	20
51.35	20
51.36	20
51.37	20
51.38	22
51.39	23
51.4	21
51.41	21
51.42	21
51.43	21
51.44	21
51.45	21
51.46	21
51.47	21
51.48	21
51.49	23
51.5	22
51.51	22
51.52	22
51.53	20
51.54	22
51.55	22
51.56	23
51.57	23
51.58	23
51.59	23
51.6	23
51.61	22
51.62	20
51.63	20
51.64	20
51.65	20
51.66	20
51.67	18
51.68	18
51.69	18
51.7	18
51.71	18
51.72	18
51.73	18
51.74	18
51.75	18
51.76	18
51.77	18
51.78	18
51.79	18
51.8	18
51.81	18
51.82	18
51.83	18
51.84	18
51.85	18
51.86	18
51.87	18
51.88	18
51.89	18
51.9	18
51.91	18
51.92	18
51.93	18
51.94	18
51.95	18
51.96	18
51.97	18
51.98	18
51.99	18
52	18
52.01	18
52.02	18
52.03	18
52.04	18
52.05	18
52.06	18
52.07	18
52.08	18
52.09	18
52.1	18
52.11	18
52.12	18
52.13	18
52.14	18
52.15	18
52.16	18
52.17	18
52.18	18
52.19	18
52.2	18
52.21	18
52.22	18
52.23	18
52.24	18
52.25	18
52.26	18
52.27	18
52.28	18
52.29	18
52.3	18
52.31	18
52.32	18
52.33	18
52.34	18
52.35	18
52.36	18
52.37	18
52.38	18
52.39	18
52.4	18
52.41	18
52.42	18
52.43	20
52.44	18
52.45	18
52.46	18
52.47	20
52.48	20
52.49	20
52.5	20
52.51	22
52.52	21
52.53	19
52.54	19
52.55	19
52.56	19
52.57	19
52.58	19
52.59	19
52.6	21
52.61	22
52.62	20
52.63	20
52.64	18
52.65	18
52.66	18
52.67	18
52.68	18
52.69	18
52.7	18
52.71	20
52.72	20
52.73	20
52.74	20
52.75	20
52.76	20
52.77	20
52.78	20
52.79	20
52.8	22
52.81	20
52.82	20
52.83	20
52.84	20
52.85	20
52.86	20
52.87	20
52.88	20
52.89	20
52.9	20
52.91	20
52.92	20
52.93	20
52.94	20
52.95	20
52.96	20
52.97	20
52.98	20
52.99	20
53	20
53.01	20
53.02	20
53.03	20
53.04	18
53.05	18
53.06	18
53.07	18
53.08	18
53.09	18
53.1	18
53.11	18
53.12	18
53.13	18
53.14	18
53.15	18
53.16	18
53.17	18
53.18	18
53.19	18
53.2	18
53.21	18
53.22	18
53.23	18
53.24	18
53.25	18
53.26	18
53.27	18
53.28	18
53.29	18
53.3	18
53.31	18
53.32	18
53.33	18
53.34	18
53.35	18
53.36	18
53.37	18
53.38	18
53.39	18
53.4	18
53.41	18
53.42	18
53.43	18
53.44	18
53.45	18
53.46	18
53.47	18
53.48	18
53.49	18
53.5	18
53.51	18
53.52	18
53.53	18
53.54	18
53.55	18
53.56	18
53.57	18
53.58	20
53.59	20
53.6	20
53.61	20
53.62	20
53.63	20
53.64	20
53.65	20
53.66	20
53.67	20
53.68	21
53.69	21
53.7	19
53.71	19
53.72	19
53.73	19
53.74	19
53.75	19
53.76	19
53.77	19
53.78	21
53.79	20
53.8	20
53.81	18
53.82	18
53.83	18
53.84	18
53.85	18
53.86	18
53.87	18
53.88	18
53.89	18
53.9	18
53.91	18
53.92	18
53.93	18
53.94	18
53.95	18
53.96	18
53.97	18
53.98	18
53.99	18
54	18
54.01	18
54.02	18
54.03	18
54.04	18
54.05	18
54.06	18
54.07	18
54.08	18
54.09	18
54.1	18
54.11	18
54.12	18
54.13	18
54.14	18
54.15	18
54.16	18
54.17	18
54.18	18
54.19	18
54.2	18
54.21	18
54.22	18
54.23	18
54.24	18
54.25	18
54.26	18
54.27	18
54.28	18
54.29	18
54.3	18
54.31	18
54.32	18
54.33	18
54.34	18
54.35	18
54.36	18
54.37	18
54.38	18
54.39	18
54.4	18
54.41	18
54.42	18
54.43	18
54.44	18
54.45	18
54.46	18
54.47	18
54.48	18
54.49	18
54.5	18
54.51	20
54.52	20
54.53	20
54.54	20
54.55	20
54.56	22
54.57	21
54.58	21
54.59	21
54.6	21
54.61	21
54.62	21
54.63	22
54.64	20
54.65	20
54.66	20
54.67	18
54.68	18
54.69	18
54.7	18
54.71	18
54.72	18
54.73	18
54.74	18
54.75	18
54.76	18
54.77	18
54.78	18
54.79	18
54.8	18
54.81	18
54.82	18
54.83	18
54.84	18
54.85	18
54.86	18
54.87	18
54.88	20
54.89	20
54.9	20
54.91	23
54.92	21
54.93	19
54.94	21
54.95	19
54.96	19
54.97	21
54.98	21
54.99	24
55	22
55.01	20
55.02	20
55.03	23
55.04	21
55.05	21
55.06	19
55.07	19
55.08	19
55.09	19
55.1	19
55.11	19
55.12	19
55.13	19
55.14	19
55.15	19
55.16	19
55.17	19
55.18	19
55.19	19
55.2	19
55.21	19
55.22	19
55.23	19
55.24	21
55.25	21
55.26	21
55.27	21
55.28	21
55.29	22
55.3	22
55.31	22
55.32	21
55.33	21
55.34	21
55.35	21
55.36	21
55.37	21
55.38	21
55.39	21
55.4	21
55.41	21
55.42	21
55.43	21
55.44	21
55.45	21
55.46	21
55.47	21
55.48	21
55.49	21
55.5	21
55.51	21
55.52	21
55.53	21
55.54	21
55.55	21
55.56	21
55.57	21
55.58	21
55.59	21
55.6	21
55.61	21
55.62	21
55.63	19
55.64	19
55.65	19
55.66	19
55.67	19
55.68	19
55.69	19
55.7	19
55.71	19
55.72	19
55.73	19
55.74	19
55.75	19
55.76	19
55.77	19
55.78	19
55.79	19
55.8	19
55.81	19
55.82	19
55.83	19
55.84	19
55.85	17
55.86	17
55.87	17
55.88	17
55.89	17
55.9	17
55.91	17
55.92	17
55.93	17
55.94	17
55.95	17
55.96	17
55.97	17
55.98	17
55.99	17
56	17
56.01	17
56.02	17
56.03	17
56.04	17
56.05	17
56.06	19
56.07	19
56.08	19
56.09	19
56.1	21
56.11	20
56.12	20
56.13	20
56.14	18
56.15	18
56.16	18
56.17	18
56.18	18
56.19	18
56.2	18
56.21	18
56.22	18
56.23	18
56.24	18
56.25	18
56.26	18
56.27	18
56.28	18
56.29	18
56.3	18
56.31	18
56.32	18
56.33	18
56.34	20
56.35	20
56.36	20
56.37	20
56.38	22
56.39	23
56.4	20
56.41	20
56.42	20
56.43	20
56.44	20
56.45	20
56.46	20
56.47	20
56.48	20
56.49	22
56.5	23
56.51	21
56.52	21
56.53	21
56.54	21
56.55	22
56.56	22
56.57	20
56.58	20
56.59	20
56.6	20
56.61	20
56.62	20
56.63	20
56.64	22
56.65	22
56.66	23
56.67	21
56.68	21
56.69	21
56.7	21
56.71	19
56.72	19
56.73	19
56.74	19
56.75	21
56.76	22
56.77	20
56.78	20
56.79	18
56.8	18
56.81	18
56.82	18
56.83	18
56.84	18
56.85	18
56.86	18
56.87	18
56.88	18
56.89	18
56.9	18
56.91	18
56.92	18
56.93	18
56.94	18
56.95	18
56.96	18
56.97	18
56.98	18
56.99	18
57	18
57.01	18
57.02	18
57.03	18
57.04	18
57.05	20
57.06	20
57.07	20
57.08	20
57.09	20
57.1	20
57.11	20
57.12	20
57.13	20
57.14	20
57.15	20
57.16	20
57.17	20
57.18	20
57.19	20
57.2	20
57.21	20
57.22	20
57.23	20
57.24	18
57.25	18
57.26	18
57.27	18
57.28	18
57.29	18
57.3	18
57.31	18
57.32	18
57.33	18
57.34	18
57.35	18
57.36	18
57.37	18
57.38	18
57.39	18
57.4	18
57.41	18
57.42	18
57.43	16
57.44	16
57.45	16
57.46	16
57.47	16
57.48	16
57.49	16
57.5	16
57.51	18
57.52	18
57.53	18
57.54	18
57.55	18
57.56	18
57.57	18
57.58	18
57.59	18
57.6	18
57.61	18
57.62	18
57.63	18
57.64	18
57.65	18
57.66	18
57.67	18
57.68	18
57.69	18
57.7	18
57.71	18
57.72	18
57.73	18
57.74	18
57.75	18
57.76	18
57.77	18
57.78	18
57.79	18
57.8	18
57.81	18
57.82	18
57.83	18
57.84	18
57.85	18
57.86	18
57.87	18
57.88	18
57.89	18
57.9	18
57.91	18
57.92	18
57.93	18
57.94	18
57.95	18
57.96	18
57.97	18
57.98	18
57.99	18
58	18
58.01	18
58.02	18
58.03	18
58.04	18
58.05	18
58.06	18
58.07	18
58.08	18
58.09	18
58.1	18
58.11	18
58.12	18
58.13	18
58.14	18
58.15	18
58.16	18
58.17	18
58.18	18
58.19	18
58.2	18
58.21	18
58.22	18
58.23	18
58.24	18
58.25	18
58.26	18
58.27	18
58.28	18
58.29	18
58.3	18
58.31	18
58.32	18
58.33	18
58.34	18
58.35	18
58.36	18
58.37	18
58.38	18
58.39	18
58.4	18
58.41	20
58.42	20
58.43	20
58.44	22
58.45	22
58.46	21
58.47	21
58.48	22
58.49	23
58.5	22
58.51	22
58.52	20
58.53	20
58.54	20
58.55	20
58.56	20
58.57	20
58.58	20
58.59	20
58.6	20
58.61	20
58.62	20
58.63	20
58.64	20
58.65	20
58.66	20
58.67	22
58.68	21
58.69	21
58.7	19
58.71	19
58.72	19
58.73	19
58.74	19
58.75	19
58.76	19
58.77	19
58.78	19
58.79	19
58.8	19
58.81	19
58.82	19
58.83	19
58.84	19
58.85	19
58.86	19
58.87	19
58.88	19
58.89	19
58.9	19
58.91	19
58.92	19
58.93	19
58.94	19
58.95	19
58.96	21
58.97	21
58.98	21
58.99	22
59	22
59.01	20
59.02	20
59.03	20
59.04	20
59.05	20
59.06	20
59.07	20
59.08	20
59.09	20
59.1	20
59.11	20
59.12	20
59.13	20
59.14	20
59.15	20
59.16	20
59.17	20
59.18	20
59.19	20
59.2	20
59.21	20
59.22	20
59.23	20
59.24	20
59.25	20
59.26	20
59.27	20
59.28	20
59.29	20
59.3	20
59.31	20
59.32	20
59.33	20
59.34	20
59.35	20
59.36	20
59.37	20
59.38	20
59.39	22
59.4	21
59.41	21
59.42	21
59.43	21
59.44	21
59.45	21
59.46	21
59.47	21
59.48	21
59.49	21
59.5	20
59.51	22
59.52	20
59.53	20
59.54	20
59.55	20
59.56	22
59.57	22
59.58	22
59.59	22
59.6	22
59.61	22
59.62	20
59.63	20
59.64	20
59.65	20
59.66	20
59.67	18
59.68	18
59.69	18
59.7	18
59.71	18
59.72	18
59.73	18
59.74	18
59.75	18
59.76	18
59.77	18
59.78	18
59.79	18
59.8	18
59.81	18
59.82	18
59.83	18
59.84	18
59.85	18
59.86	18
59.87	18
59.88	18
59.89	18
59.9	18
59.91	18
59.92	18
59.93	18
59.94	18
59.95	18
59.96	18
59.97	18
59.98	18
59.99	18
60	18
60.01	18
60.02	18
60.03	18
60.04	18
60.05	18
60.06	18
60.07	18
60.08	18
60.09	18
60.1	18
60.11	18
60.12	18
60.13	18
60.14	18
60.15	18
60.16	18
60.17	18
60.18	18
60.19	18
60.2	18
60.21	18
60.22	18
60.23	18
60.24	18
60.25	18
60.26	18
60.27	18
60.28	18
60.29	18
60.3	18
60.31	18
60.32	18
60.33	18
60.34	18
60.35	18
60.36	18
60.37	18
60.38	18
60.39	18
60.4	18
60.41	18
60.42	18
60.43	20
60.44	18
60.45	18
60.46	18
60.47	20
60.48	20
60.49	20
60.5	20
60.51	22
60.52	21
60.53	19
60.54	19
60.55	19
60.56	19
60.57	19
60.58	19
60.59	19
60.6	19
60.61	22
60.62	20
60.63	20
60.64	18
60.65	18
60.66	18
60.67	18
60.68	18
60.69	18
60.7	18
60.71	18
60.72	20
60.73	20
60.74	20
60.75	20
60.76	20
60.77	20
60.78	20
60.79	20
60.8	20
60.81	20
60.82	20
60.83	20
60.84	20
60.85	20
60.86	20
60.87	20
60.88	20
60.89	20
60.9	20
60.91	20
60.92	20
60.93	20
60.94	20
60.95	20
60.96	20
60.97	20
60.98	20
60.99	20
61	20
61.01	20
61.02	20
61.03	20
61.04	18
61.05	18
61.06	18
61.07	18
61.08	18
61.09	18
61.1	18
61.11	18
61.12	18
61.13	18
61.14	18
61.15	18
61.16	18
61.17	18
61.18	18
61.19	18
61.2	18
61.21	18
61.22	18
61.23	18
61.24	18
61.25	18
61.26	18
61.27	18
61.28	18
61.29	18
61.3	18
61.31	18
61.32	18
61.33	18
61.34	18
61.35	18
61.36	18
61.37	18
61.38	18
61.39	18
61.4	18
61.41	18
61.42	18
61.43	18
61.44	18
61.45	18
61.46	18
61.47	18
61.48	18
61.49	18
61.5	18
61.51	18
61.52	18
61.53	18
61.54	18
61.55	18
61.56	18
61.57	18
61.58	20
61.59	20
61.6	20
61.61	20
61.62	20
61.63	20
61.64	20
61.65	20
61.66	20
61.67	20
61.68	22
61.69	21
61.7	21
61.71	19
61.72	19
61.73	19
61.74	19
61.75	19
61.76	19
61.77	19
61.78	21
61.79	20
61.8	20
61.81	18
61.82	18
61.83	18
61.84	18
61.85	18
61.86	18
61.87	18
61.88	18
61.89	18
61.9	18
61.91	18
61.92	18
61.93	18
61.94	18
61.95	18
61.96	18
61.97	18
61.98	18
61.99	18
62	18
62.01	18
62.02	18
62.03	18
62.04	18
62.05	18
62.06	18
62.07	18
62.08	18
62.09	18
62.1	18
62.11	18
62.12	18
62.13	18
62.14	18
62.15	18
62.16	18
62.17	18
62.18	18
62.19	18
62.2	18
62.21	18
62.22	18
62.23	18
62.24	18
62.25	18
62.26	18
62.27	18
62.28	18
62.29	18
62.3	18
62.31	18
62.32	18
62.33	18
62.34	18
62.35	18
62.36	18
62.37	18
62.38	18
62.39	18
62.4	18
62.41	18
62.42	18
62.43	18
62.44	18
62.45	18
62.46	18
62.47	18
62.48	18
62.49	18
62.5	18
62.51	18
62.52	18
62.53	20
62.54	20
62.55	20
62.56	22
62.57	23
62.58	21
62.59	21
62.6	21
62.61	21
62.62	23
62.63	22
62.64	20
62.65	20
62.66	20
62.67	18
62.68	18
62.69	18
62.7	18
62.71	18
62.72	18
62.73	18
62.74	18
62.75	18
62.76	18
62.77	18
62.78	18
62.79	18
62.8	18
62.81	18
62.82	18
62.83	18
62.84	18
62.85	18
62.86	18
62.87	18
62.88	20
62.89	20
62.9	20
62.91	21
62.92	23
62.93	21
62.94	19
62.95	19
62.96	19
62.97	21
62.98	21
62.99	23
63	22
63.01	20
63.02	20
63.03	22
63.04	21
63.05	21
63.06	19
63.07	19
63.08	19
63.09	19
63.1	19
63.11	19
63.12	19
63.13	19
63.14	19
63.15	19
63.16	19
63.17	19
63.18	19
63.19	19
63.2	19
63.21	19
63.22	19
63.23	19
63.24	19
63.25	21
63.26	21
63.27	21
63.28	21
63.29	21
63.3	21
63.31	21
63.32	21
63.33	21
63.34	21
63.35	21
63.36	21
63.37	21
63.38	21
63.39	21
63.4	21
63.41	21
63.42	21
63.43	21
63.44	21
63.45	21
63.46	21
63.47	21
63.48	21
63.49	21
63.5	21
63.51	21
63.52	21
63.53	21
63.54	21
63.55	21
63.56	21
63.57	21
63.58	21
63.59	21
63.6	21
63.61	21
63.62	21
63.63	19
63.64	19
63.65	19
63.66	19
63.67	19
63.68	19
63.69	19
63.7	19
63.71	19
63.72	19
63.73	19
63.74	19
63.75	19
63.76	19
63.77	19
63.78	19
63.79	19
63.8	19
63.81	19
63.82	19
63.83	19
63.84	19
63.85	17
63.86	17
63.87	17
63.88	17
63.89	17
63.9	17
63.91	17
63.92	17
63.93	17
63.94	17
63.95	17
63.96	17
63.97	17
63.98	17
63.99	17
64	17
