0.00119904	2
0.00263651	2
0.00436346	2
0.00643726	2
0.00893	2
0.0119243	2
0.0159622	2
0.02	2
0.0248485	2
0.029899	2
0.0349495	2
0.04	2
0.0460526	3
0.0530263	3
0.06	3
0.07	3
0.08	3
0.09	3
0.1	3
0.11	3
0.12	3
0.13	3
0.14	3
0.15	3
0.16	3
0.17	3
0.18	3
0.19	3
0.2	3
0.21	3
0.22	3
0.23	3
0.24	3
0.25	3
0.26	3
0.27	3
0.28	3
0.29	3
0.3	3
0.31	3
0.32	3
0.33	3
0.34	3
0.35	3
0.36	3
0.37	3
0.38	3
0.39	3
0.4	3
0.41	3
0.42	3
0.43	3
0.44	3
0.45	3
0.46	3
0.47	3
0.48	3
0.49	3
0.5	3
0.51	3
0.52	3
0.53	3
0.54	3
0.55	3
0.56	3
0.57	3
0.58	3
0.59	3
0.6	3
0.61	3
0.62	3
0.63	3
0.64	3
0.65	3
0.66	3
0.67	3
0.68	3
0.69	3
0.7	3
0.71	3
0.72	3
0.73	3
0.74	3
0.75	3
0.76	3
0.77	3
0.78	3
0.79	3
0.8	3
0.81	3
0.82	3
0.83	3
0.84	3
0.85	3
0.86	3
0.87	3
0.88	3
0.89	3
0.9	3
0.91	3
0.92	3
0.93	3
0.94	3
0.95	3
0.96	3
0.97	3
0.98	3
0.99	3
1	3
1.01	3
1.02	3
1.03	3
1.04	3
1.05	3
1.06	3
1.07	3
1.08	3
1.09	3
1.1	3
1.11	3
1.12	3
1.13	3
1.14	3
1.15	3
1.16	3
1.17	3
1.18	3
1.19	3
1.2	3
1.21	3
1.22	3
1.23	3
1.24	3
1.25	3
1.26	3
1.27	3
1.28	3
1.29	3
1.3	3
1.31	3
1.32	3
1.33	3
1.34	3
1.35	3
1.36	3
1.37	3
1.38	3
1.39	3
1.4	3
1.41	3
1.42	3
1.43	3
1.44	3
1.45	3
1.46	3
1.47	3
1.48	3
1.49	3
1.5	3
1.51	3
1.52	3
1.53	3
1.54	3
1.55	3
1.56	3
1.57	3
1.58	3
1.59	3
1.6	3
1.61	3
1.62	3
1.63	3
1.64	3
1.65	3
1.66	3
1.67	3
1.68	3
1.69	3
1.7	3
1.71	3
1.72	3
1.73	3
1.74	3
1.75	3
1.76	3
1.77	3
1.78	3
1.79	3
1.8	3
1.81	3
1.82	3
1.83	3
1.84	3
1.85	3
1.86	3
1.87	3
1.88	3
1.89	3
1.9	3
1.91	3
1.92	3
1.93	3
1.94	3
1.95	3
1.96	3
1.97	3
1.98	3
1.99	3
2	3
2.01	3
2.02	3
2.03	3
2.04	3
2.05	3
2.06	3
2.07	3
2.08	3
2.09	3
2.1	3
2.11	3
2.12	3
2.13	3
2.14	3
2.15	3
2.16	3
2.17	3
2.18	3
2.19	3
2.2	3
2.21	3
2.22	3
2.23	3
2.24	3
2.25	3
2.26	3
2.27	3
2.28	3
2.29	3
2.3	3
2.31	3
2.32	3
2.33	3
2.34	3
2.35	3
2.36	3
2.37	3
2.38	3
2.39	3
2.4	3
2.41	3
2.42	3
2.43	3
2.44	3
2.45	3
2.46	3
2.47	3
2.48	3
2.49	3
2.5	3
2.51	3
2.52	3
2.53	3
2.54	3
2.55	3
2.56	3
2.57	3
2.58	3
2.59	3
2.6	3
2.61	3
2.62	3
2.63	3
2.64	3
2.65	3
2.66	3
2.67	3
2.68	3
2.69	3
2.7	3
2.71	3
2.72	3
2.73	3
2.74	3
2.75	3
2.76	3
2.77	3
2.78	3
2.79	3
2.8	3
2.81	3
2.82	3
2.83	3
2.84	3
2.85	3
2.86	3
2.87	3
2.88	3
2.89	3
2.9	3
2.91	3
2.92	3
2.93	3
2.94	3
2.95	3
2.96	3
2.97	3
2.98	3
2.99	3
3	3
3.01	3
3.02	3
3.03	3
3.04	3
3.05	3
3.06	3
3.07	3
3.08	3
3.09	3
3.1	3
3.11	3
3.12	3
3.13	3
3.14	3
3.15	3
3.16	3
3.17	3
3.18	3
3.19	3
3.2	3
3.21	3
3.22	3
3.23	3
3.24	3
3.25	3
3.26	3
3.27	3
3.28	3
3.29	3
3.3	3
3.31	3
3.32	3
3.33	3
3.34	3
3.35	3
3.36	3
3.37	3
3.38	3
3.39	3
3.4	3
3.41	3
3.42	3
3.43	3
3.44	3
3.45	3
3.46	3
3.47	3
3.48	3
3.49	3
3.5	3
3.51	3
3.52	3
3.53	3
3.54	3
3.55	3
3.56	3
3.57	3
3.58	3
3.59	3
3.6	3
3.61	3
3.62	3
3.63	3
3.64	3
3.65	3
3.66	3
3.67	3
3.68	3
3.69	3
3.7	3
3.71	3
3.72	3
3.73	3
3.74	3
3.75	3
3.76	3
3.77	3
3.78	3
3.79	3
3.8	3
3.81	3
3.82	3
3.83	3
3.84	3
3.85	3
3.86	3
3.87	3
3.88	3
3.89	3
3.9	3
3.91	3
3.92	3
3.93	3
3.94	3
3.95	3
3.96	3
3.97	3
3.98	3
3.99	3
4	3
4.01	3
4.02	3
4.03	3
4.04	3
4.05	3
4.06	3
4.07	3
4.08	3
4.09	3
4.1	3
4.11	3
4.12	3
4.13	3
4.14	3
4.15	3
4.16	3
4.17	3
4.18	3
4.19	3
4.2	3
4.21	3
4.22	3
4.23	3
4.24	3
4.25	3
4.26	3
4.27	3
4.28	3
4.29	3
4.3	3
4.31	3
4.32	3
4.33	3
4.34	3
4.35	3
4.36	3
4.37	3
4.38	3
4.39	3
4.4	3
4.41	3
4.42	3
4.43	3
4.44	3
4.45	3
4.46	3
4.47	3
4.48	3
4.49	3
4.5	3
4.51	3
4.52	3
4.53	3
4.54	3
4.55	3
4.56	3
4.57	3
4.58	3
4.59	3
4.6	3
4.61	3
4.62	3
4.63	3
4.64	3
4.65	3
4.66	3
4.67	3
4.68	3
4.69	3
4.7	3
4.71	3
4.72	3
4.73	3
4.74	3
4.75	3
4.76	3
4.77	3
4.78	3
4.79	3
4.8	3
4.81	3
4.82	3
4.83	3
4.84	3
4.85	3
4.86	3
4.87	3
4.88	3
4.89	3
4.9	3
4.91	3
4.92	3
4.93	3
4.94	3
4.95	3
4.96	3
4.97	3
4.98	3
4.99	3
5	3
5.01	3
5.02	3
5.03	3
5.04	3
5.05	3
5.06	3
5.07	3
5.08	3
5.09	3
5.1	3
5.11	3
5.12	3
5.13	3
5.14	3
5.15	3
5.16	3
5.17	3
5.18	3
5.19	3
5.2	3
5.21	3
5.22	3
5.23	3
5.24	3
5.25	3
5.26	3
5.27	3
5.28	3
5.29	3
5.3	3
5.31	3
5.32	3
5.33	3
5.34	3
5.35	3
5.36	3
5.37	3
5.38	3
5.39	3
5.4	3
5.41	3
5.42	3
5.43	3
5.44	3
5.45	3
5.46	3
5.47	3
5.48	3
5.49	3
5.5	3
5.51	3
5.52	3
5.53	3
5.54	3
5.55	3
5.56	3
5.57	3
5.58	3
5.59	3
5.6	3
5.61	3
5.62	3
5.63	3
5.64	3
5.65	3
5.66	3
5.67	3
5.68	3
5.69	3
5.7	3
5.71	3
5.72	3
5.73	3
5.74	3
5.75	3
5.76	3
5.77	3
5.78	3
5.79	3
5.8	3
5.81	3
5.82	3
5.83	3
5.84	3
5.85	3
5.86	3
5.87	3
5.88	3
5.89	3
5.9	3
5.91	3
5.92	3
5.93	3
5.94	3
5.95	3
5.96	3
5.97	3
5.98	3
5.99	3
6	3
6.01	3
6.02	3
6.03	3
6.04	3
6.05	3
6.06	3
6.07	3
6.08	3
6.09	3
6.1	3
6.11	3
6.12	3
6.13	3
6.14	3
6.15	3
6.16	3
6.17	3
6.18	3
6.19	3
6.2	3
6.21	3
6.22	3
6.23	3
6.24	3
6.25	3
6.26	3
6.27	3
6.28	3
6.29	3
6.3	3
6.31	3
6.32	3
6.33	3
6.34	3
6.35	3
6.36	3
6.37	3
6.38	3
6.39	3
6.4	3
6.41	3
6.42	3
6.43	3
6.44	3
6.45	3
6.46	3
6.47	3
6.48	3
6.49	3
6.5	3
6.51	3
6.52	3
6.53	3
6.54	3
6.55	3
6.56	3
6.57	3
6.58	3
6.59	3
6.6	3
6.61	3
6.62	3
6.63	3
6.64	3
6.65	3
6.66	3
6.67	3
6.68	3
6.69	3
6.7	3
6.71	3
6.72	3
6.73	3
6.74	3
6.75	3
6.76	3
6.77	3
6.78	3
6.79	3
6.8	3
6.81	3
6.82	3
6.83	3
6.84	3
6.85	3
6.86	3
6.87	3
6.88	3
6.89	3
6.9	3
6.91	3
6.92	3
6.93	3
6.94	3
6.95	3
6.96	3
6.97	3
6.98	3
6.99	3
7	3
7.01	3
7.02	3
7.03	3
7.04	3
7.05	3
7.06	3
7.07	3
7.08	3
7.09	3
7.1	3
7.11	3
7.12	3
7.13	3
7.14	3
7.15	3
7.16	3
7.17	3
7.18	3
7.19	3
7.2	3
7.21	3
7.22	3
7.23	3
7.24	3
7.25	3
7.26	3
7.27	3
7.28	3
7.29	3
7.3	3
7.31	3
7.32	3
7.33	3
7.34	3
7.35	3
7.36	3
7.37	3
7.38	3
7.39	3
7.4	3
7.41	3
7.42	3
7.43	3
7.44	3
7.45	3
7.46	3
7.47	3
7.48	3
7.49	3
7.5	3
7.51	3
7.52	3
7.53	3
7.54	3
7.55	3
7.56	3
7.57	3
7.58	3
7.59	3
7.6	3
7.61	3
7.62	3
7.63	3
7.64	3
7.65	3
7.66	3
7.67	3
7.68	3
7.69	3
7.7	3
7.71	3
7.72	3
7.73	3
7.74	3
7.75	3
7.76	3
7.77	3
7.78	3
7.79	3
7.8	3
7.81	3
7.82	3
7.83	3
7.84	3
7.85	3
7.86	3
7.87	3
7.88	3
7.89	3
7.9	3
7.91	3
7.92	3
7.93	3
7.94	3
7.95	3
7.96	3
7.97	3
7.98	3
7.99	3
8	3
8.01	3
8.02	3
8.03	3
8.04	3
8.05	3
8.06	3
8.07	3
8.08	3
8.09	3
8.1	3
8.11	3
8.12	3
8.13	3
8.14	3
8.15	3
8.16	3
8.17	3
8.18	3
8.19	3
8.2	3
8.21	3
8.22	3
8.23	3
8.24	3
8.25	3
8.26	3
8.27	3
8.28	3
8.29	3
8.3	3
8.31	3
8.32	3
8.33	3
8.34	3
8.35	3
8.36	3
8.37	3
8.38	3
8.39	3
8.4	3
8.41	3
8.42	3
8.43	3
8.44	3
8.45	3
8.46	3
8.47	3
8.48	3
8.49	3
8.5	3
8.51	3
8.52	3
8.53	3
8.54	3
8.55	3
8.56	3
8.57	3
8.58	3
8.59	3
8.6	3
8.61	3
8.62	3
8.63	3
8.64	3
8.65	3
8.66	3
8.67	3
8.68	3
8.69	3
8.7	3
8.71	3
8.72	3
8.73	3
8.74	3
8.75	3
8.76	3
8.77	3
8.78	3
8.79	3
8.8	3
8.81	3
8.82	3
8.83	3
8.84	3
8.85	3
8.86	3
8.87	3
8.88	3
8.89	3
8.9	3
8.91	3
8.92	3
8.93	3
8.94	3
8.95	3
8.96	3
8.97	3
8.98	3
8.99	3
9	3
9.01	3
9.02	3
9.03	3
9.04	3
9.05	3
9.06	3
9.07	3
9.08	3
9.09	3
9.1	3
9.11	3
9.12	3
9.13	3
9.14	3
9.15	3
9.16	3
9.17	3
9.18	3
9.19	3
9.2	3
9.21	3
9.22	3
9.23	3
9.24	3
9.25	3
9.26	3
9.27	3
9.28	3
9.29	3
9.3	3
9.31	3
9.32	3
9.33	3
9.34	3
9.35	3
9.36	3
9.37	3
9.38	3
9.39	3
9.4	3
9.41	3
9.42	3
9.43	3
9.44	3
9.45	3
9.46	3
9.47	3
9.48	3
9.49	3
9.5	3
9.51	3
9.52	3
9.53	3
9.54	3
9.55	3
9.56	3
9.57	3
9.58	3
9.59	3
9.6	3
9.61	3
9.62	3
9.63	3
9.64	3
9.65	3
9.66	3
9.67	3
9.68	3
9.69	3
9.7	3
9.71	3
9.72	3
9.73	3
9.74	3
9.75	3
9.76	3
9.77	3
9.78	3
9.79	3
9.8	3
9.81	3
9.82	3
9.83	3
9.84	3
9.85	3
9.86	3
9.87	3
9.88	3
9.89	3
9.9	3
9.91	3
9.92	3
9.93	3
9.94	3
9.95	3
9.96	3
9.97	3
9.98	3
9.99	3
10	3
10.01	3
10.02	3
10.03	3
10.04	3
10.05	3
10.06	3
10.07	3
10.08	3
10.09	3
10.1	3
10.11	3
10.12	3
10.13	3
10.14	3
10.15	3
10.16	3
10.17	3
10.18	3
10.19	3
10.2	3
10.21	3
10.22	3
10.23	3
10.24	3
10.25	3
10.26	3
10.27	3
10.28	3
10.29	3
10.3	3
10.31	3
10.32	3
10.33	3
10.34	3
10.35	3
10.36	3
10.37	3
10.38	3
10.39	3
10.4	3
10.41	3
10.42	3
10.43	3
10.44	3
10.45	3
10.46	3
10.47	3
10.48	3
10.49	3
10.5	3
10.51	3
10.52	3
10.53	3
10.54	3
10.55	3
10.56	3
10.57	3
10.58	3
10.59	3
10.6	3
10.61	3
10.62	3
10.63	3
10.64	3
10.65	3
10.66	3
10.67	3
10.68	3
10.69	3
10.7	3
10.71	3
10.72	3
10.73	3
10.74	3
10.75	3
10.76	3
10.77	3
10.78	3
10.79	3
10.8	3
10.81	3
10.82	3
10.83	3
10.84	3
10.85	3
10.86	3
10.87	3
10.88	3
10.89	3
10.9	3
10.91	3
10.92	3
10.93	3
10.94	3
10.95	3
10.96	3
10.97	3
10.98	3
10.99	3
11	3
11.01	3
11.02	3
11.03	3
11.04	3
11.05	3
11.06	3
11.07	3
11.08	3
11.09	3
11.1	3
11.11	3
11.12	3
11.13	3
11.14	3
11.15	3
11.16	3
11.17	3
11.18	3
11.19	3
11.2	3
11.21	3
11.22	3
11.23	3
11.24	3
11.25	3
11.26	3
11.27	3
11.28	3
11.29	3
11.3	3
11.31	3
11.32	3
11.33	3
11.34	3
11.35	3
11.36	3
11.37	3
11.38	3
11.39	3
11.4	3
11.41	3
11.42	3
11.43	3
11.44	3
11.45	3
11.46	3
11.47	3
11.48	3
11.49	3
11.5	3
11.51	3
11.52	3
11.53	3
11.54	3
11.55	3
11.56	3
11.57	3
11.58	3
11.59	3
11.6	3
11.61	3
11.62	3
11.63	3
11.64	3
11.65	3
11.66	3
11.67	3
11.68	3
11.69	3
11.7	3
11.71	3
11.72	3
11.73	3
11.74	3
11.75	3
11.76	3
11.77	3
11.78	3
11.79	3
11.8	3
11.81	3
11.82	3
11.83	3
11.84	3
11.85	3
11.86	3
11.87	3
11.88	3
11.89	3
11.9	3
11.91	3
11.92	3
11.93	3
11.94	3
11.95	3
11.96	3
11.97	3
11.98	3
11.99	3
12	3
12.01	3
12.02	3
12.03	3
12.04	3
12.05	3
12.06	3
12.07	3
12.08	3
12.09	3
12.1	3
12.11	3
12.12	3
12.13	3
12.14	3
12.15	3
12.16	3
12.17	3
12.18	3
12.19	3
12.2	3
12.21	3
12.22	3
12.23	3
12.24	3
12.25	3
12.26	3
12.27	3
12.28	3
12.29	3
12.3	3
12.31	3
12.32	3
12.33	3
12.34	3
12.35	3
12.36	3
12.37	3
12.38	3
12.39	3
12.4	3
12.41	3
12.42	3
12.43	3
12.44	3
12.45	3
12.46	3
12.47	3
12.48	3
12.49	3
12.5	3
12.51	3
12.52	3
12.53	3
12.54	3
12.55	3
12.56	3
12.57	3
12.58	3
12.59	3
12.6	3
12.61	3
12.62	3
12.63	3
12.64	3
12.65	3
12.66	3
12.67	3
12.68	3
12.69	3
12.7	3
12.71	3
12.72	3
12.73	3
12.74	3
12.75	3
12.76	3
12.77	3
12.78	3
12.79	3
12.8	3
12.81	3
12.82	3
12.83	3
12.84	3
12.85	3
12.86	3
12.87	3
12.88	3
12.89	3
12.9	3
12.91	3
12.92	3
12.93	3
12.94	3
12.95	3
12.96	3
12.97	3
12.98	3
12.99	3
13	3
13.01	3
13.02	3
13.03	3
13.04	3
13.05	3
13.06	3
13.07	3
13.08	3
13.09	3
13.1	3
13.11	3
13.12	3
13.13	3
13.14	3
13.15	3
13.16	3
13.17	3
13.18	3
13.19	3
13.2	3
13.21	3
13.22	3
13.23	3
13.24	3
13.25	3
13.26	3
13.27	3
13.28	3
13.29	3
13.3	3
13.31	3
13.32	3
13.33	3
13.34	3
13.35	3
13.36	3
13.37	3
13.38	3
13.39	3
13.4	3
13.41	3
13.42	3
13.43	3
13.44	3
13.45	3
13.46	3
13.47	3
13.48	3
13.49	3
13.5	3
13.51	3
13.52	3
13.53	3
13.54	3
13.55	3
13.56	3
13.57	3
13.58	3
13.59	3
13.6	3
13.61	3
13.62	3
13.63	3
13.64	3
13.65	3
13.66	3
13.67	3
13.68	3
13.69	3
13.7	3
13.71	3
13.72	3
13.73	3
13.74	3
13.75	3
13.76	3
13.77	3
13.78	3
13.79	3
13.8	3
13.81	3
13.82	3
13.83	3
13.84	3
13.85	3
13.86	3
13.87	3
13.88	3
13.89	3
13.9	3
13.91	3
13.92	3
13.93	3
13.94	3
13.95	3
13.96	3
13.97	3
13.98	3
13.99	3
14	3
14.01	3
14.02	3
14.03	3
14.04	3
14.05	3
14.06	3
14.07	3
14.08	3
14.09	3
14.1	3
14.11	3
14.12	3
14.13	3
14.14	3
14.15	3
14.16	3
14.17	3
14.18	3
14.19	3
14.2	3
14.21	3
14.22	3
14.23	3
14.24	3
14.25	3
14.26	3
14.27	3
14.28	3
14.29	3
14.3	3
14.31	3
14.32	3
14.33	3
14.34	3
14.35	3
14.36	3
14.37	3
14.38	3
14.39	3
14.4	3
14.41	3
14.42	3
14.43	3
14.44	3
14.45	3
14.46	3
14.47	3
14.48	3
14.49	3
14.5	3
14.51	3
14.52	3
14.53	3
14.54	3
14.55	3
14.56	3
14.57	3
14.58	3
14.59	3
14.6	3
14.61	3
14.62	3
14.63	3
14.64	3
14.65	3
14.66	3
14.67	3
14.68	3
14.69	3
14.7	3
14.71	3
14.72	3
14.73	3
14.74	3
14.75	3
14.76	3
14.77	3
14.78	3
14.79	3
14.8	3
14.81	3
14.82	3
14.83	3
14.84	3
14.85	3
14.86	3
14.87	3
14.88	3
14.89	3
14.9	3
14.91	3
14.92	3
14.93	3
14.94	3
14.95	3
14.96	3
14.97	3
14.98	3
14.99	3
15	3
15.01	3
15.02	3
15.03	3
15.04	3
15.05	3
15.06	3
15.07	3
15.08	3
15.09	3
15.1	3
15.11	3
15.12	3
15.13	3
15.14	3
15.15	3
15.16	3
15.17	3
15.18	3
15.19	3
15.2	3
15.21	3
15.22	3
15.23	3
15.24	3
15.25	3
15.26	3
15.27	3
15.28	3
15.29	3
15.3	3
15.31	3
15.32	3
15.33	3
15.34	3
15.35	3
15.36	3
15.37	3
15.38	3
15.39	3
15.4	3
15.41	3
15.42	3
15.43	3
15.44	3
15.45	3
15.46	3
15.47	3
15.48	3
15.49	3
15.5	3
15.51	3
15.52	3
15.53	3
15.54	3
15.55	3
15.56	3
15.57	3
15.58	3
15.59	3
15.6	3
15.61	3
15.62	3
15.63	3
15.64	3
15.65	3
15.66	3
15.67	3
15.68	3
15.69	3
15.7	3
15.71	3
15.72	3
15.73	3
15.74	3
15.75	3
15.76	3
15.77	3
15.78	3
15.79	3
15.8	3
15.81	3
15.82	3
15.83	3
15.84	3
15.85	3
15.86	3
15.87	3
15.88	3
15.89	3
15.9	3
15.91	3
15.92	3
15.93	3
15.94	3
15.95	3
15.96	3
15.97	3
15.98	3
15.99	3
16	3
16.01	3
16.02	3
16.03	3
16.04	3
16.05	3
16.06	3
16.07	3
16.08	3
16.09	3
16.1	3
16.11	3
16.12	3
16.13	3
16.14	3
16.15	3
16.16	3
16.17	3
16.18	3
16.19	3
16.2	3
16.21	3
16.22	3
16.23	3
16.24	3
16.25	3
16.26	3
16.27	3
16.28	3
16.29	3
16.3	3
16.31	3
16.32	3
16.33	3
16.34	3
16.35	3
16.36	3
16.37	3
16.38	3
16.39	3
16.4	3
16.41	3
16.42	3
16.43	3
16.44	3
16.45	3
16.46	3
16.47	3
16.48	3
16.49	3
16.5	3
16.51	3
16.52	3
16.53	3
16.54	3
16.55	3
16.56	3
16.57	3
16.58	3
16.59	3
16.6	3
16.61	3
16.62	3
16.63	3
16.64	3
16.65	3
16.66	3
16.67	3
16.68	3
16.69	3
16.7	3
16.71	3
16.72	3
16.73	3
16.74	3
16.75	3
16.76	3
16.77	3
16.78	3
16.79	3
16.8	3
16.81	3
16.82	3
16.83	3
16.84	3
16.85	3
16.86	3
16.87	3
16.88	3
16.89	3
16.9	3
16.91	3
16.92	3
16.93	3
16.94	3
16.95	3
16.96	3
16.97	3
16.98	3
16.99	3
17	3
17.01	3
17.02	3
17.03	3
17.04	3
17.05	3
17.06	3
17.07	3
17.08	3
17.09	3
17.1	3
17.11	3
17.12	3
17.13	3
17.14	3
17.15	3
17.16	3
17.17	3
17.18	3
17.19	3
17.2	3
17.21	3
17.22	3
17.23	3
17.24	3
17.25	3
17.26	3
17.27	3
17.28	3
17.29	3
17.3	3
17.31	3
17.32	3
17.33	3
17.34	3
17.35	3
17.36	3
17.37	3
17.38	3
17.39	3
17.4	3
17.41	3
17.42	3
17.43	3
17.44	3
17.45	3
17.46	3
17.47	3
17.48	3
17.49	3
17.5	3
17.51	3
17.52	3
17.53	3
17.54	3
17.55	3
17.56	3
17.57	3
17.58	3
17.59	3
17.6	3
17.61	3
17.62	3
17.63	3
17.64	3
17.65	3
17.66	3
17.67	3
17.68	3
17.69	3
17.7	3
17.71	3
17.72	3
17.73	3
17.74	3
17.75	3
17.76	3
17.77	3
17.78	3
17.79	3
17.8	3
17.81	3
17.82	3
17.83	3
17.84	3
17.85	3
17.86	3
17.87	3
17.88	3
17.89	3
17.9	3
17.91	3
17.92	3
17.93	3
17.94	3
17.95	3
17.96	3
17.97	3
17.98	3
17.99	3
18	3
18.01	3
18.02	3
18.03	3
18.04	3
18.05	3
18.06	3
18.07	3
18.08	3
18.09	3
18.1	3
18.11	3
18.12	3
18.13	3
18.14	3
18.15	3
18.16	3
18.17	3
18.18	3
18.19	3
18.2	3
18.21	3
18.22	3
18.23	3
18.24	3
18.25	3
18.26	3
18.27	3
18.28	3
18.29	3
18.3	3
18.31	3
18.32	3
18.33	3
18.34	3
18.35	3
18.36	3
18.37	3
18.38	3
18.39	3
18.4	3
18.41	3
18.42	3
18.43	3
18.44	3
18.45	3
18.46	3
18.47	3
18.48	3
18.49	3
18.5	3
18.51	3
18.52	3
18.53	3
18.54	3
18.55	3
18.56	3
18.57	3
18.58	3
18.59	3
18.6	3
18.61	3
18.62	3
18.63	3
18.64	3
18.65	3
18.66	3
18.67	3
18.68	3
18.69	3
18.7	3
18.71	3
18.72	3
18.73	3
18.74	3
18.75	3
18.76	3
18.77	3
18.78	3
18.79	3
18.8	3
18.81	3
18.82	3
18.83	3
18.84	3
18.85	3
18.86	3
18.87	3
18.88	3
18.89	3
18.9	3
18.91	3
18.92	3
18.93	3
18.94	3
18.95	3
18.96	3
18.97	3
18.98	3
18.99	3
19	3
19.01	3
19.02	3
19.03	3
19.04	3
19.05	3
19.06	3
19.07	3
19.08	3
19.09	3
19.1	3
19.11	3
19.12	3
19.13	3
19.14	3
19.15	3
19.16	3
19.17	3
19.18	3
19.19	3
19.2	3
19.21	3
19.22	3
19.23	3
19.24	3
19.25	3
19.26	3
19.27	3
19.28	3
19.29	3
19.3	3
19.31	3
19.32	3
19.33	3
19.34	3
19.35	3
19.36	3
19.37	3
19.38	3
19.39	3
19.4	3
19.41	3
19.42	3
19.43	3
19.44	3
19.45	3
19.46	3
19.47	3
19.48	3
19.49	3
19.5	3
19.51	3
19.52	3
19.53	3
19.54	3
19.55	3
19.56	3
19.57	3
19.58	3
19.59	3
19.6	3
19.61	3
19.62	3
19.63	3
19.64	3
19.65	3
19.66	3
19.67	3
19.68	3
19.69	3
19.7	3
19.71	3
19.72	3
19.73	3
19.74	3
19.75	3
19.76	3
19.77	3
19.78	3
19.79	3
19.8	3
19.81	3
19.82	3
19.83	3
19.84	3
19.85	3
19.86	3
19.87	3
19.88	3
19.89	3
19.9	3
19.91	3
19.92	3
19.93	3
19.94	3
19.95	3
19.96	3
19.97	3
19.98	3
19.99	3
20	3
20.01	3
20.02	3
20.03	3
20.04	3
20.05	3
20.06	3
20.07	3
20.08	3
20.09	3
20.1	3
20.11	3
20.12	3
20.13	3
20.14	3
20.15	3
20.16	3
20.17	3
20.18	3
20.19	3
20.2	3
20.21	3
20.22	3
20.23	3
20.24	3
20.25	3
20.26	3
20.27	3
20.28	3
20.29	3
20.3	3
20.31	3
20.32	3
20.33	3
20.34	3
20.35	3
20.36	3
20.37	3
20.38	3
20.39	3
20.4	3
20.41	3
20.42	3
20.43	3
20.44	3
20.45	3
20.46	3
20.47	3
20.48	3
20.49	3
20.5	3
20.51	3
20.52	3
20.53	3
20.54	3
20.55	3
20.56	3
20.57	3
20.58	3
20.59	3
20.6	3
20.61	3
20.62	3
20.63	3
20.64	3
20.65	3
20.66	3
20.67	3
20.68	3
20.69	3
20.7	3
20.71	3
20.72	3
20.73	3
20.74	3
20.75	3
20.76	3
20.77	3
20.78	3
20.79	3
20.8	3
20.81	3
20.82	3
20.83	3
20.84	3
20.85	3
20.86	3
20.87	3
20.88	3
20.89	3
20.9	3
20.91	3
20.92	3
20.93	3
20.94	3
20.95	3
20.96	3
20.97	3
20.98	3
20.99	3
21	3
21.01	3
21.02	3
21.03	3
21.04	3
21.05	3
21.06	3
21.07	3
21.08	3
21.09	3
21.1	3
21.11	3
21.12	3
21.13	3
21.14	3
21.15	3
21.16	3
21.17	3
21.18	3
21.19	3
21.2	3
21.21	3
21.22	3
21.23	3
21.24	3
21.25	3
21.26	3
21.27	3
21.28	3
21.29	3
21.3	3
21.31	3
21.32	3
21.33	3
21.34	3
21.35	3
21.36	3
21.37	3
21.38	3
21.39	3
21.4	3
21.41	3
21.42	3
21.43	3
21.44	3
21.45	3
21.46	3
21.47	3
21.48	3
21.49	3
21.5	3
21.51	3
21.52	3
21.53	3
21.54	3
21.55	3
21.56	3
21.57	3
21.58	3
21.59	3
21.6	3
21.61	3
21.62	3
21.63	3
21.64	3
21.65	3
21.66	3
21.67	3
21.68	3
21.69	3
21.7	3
21.71	3
21.72	3
21.73	3
21.74	3
21.75	3
21.76	3
21.77	3
21.78	3
21.79	3
21.8	3
21.81	3
21.82	3
21.83	3
21.84	3
21.85	3
21.86	3
21.87	3
21.88	3
21.89	3
21.9	3
21.91	3
21.92	3
21.93	3
21.94	3
21.95	3
21.96	3
21.97	3
21.98	3
21.99	3
22	3
22.01	3
22.02	3
22.03	3
22.04	3
22.05	3
22.06	3
22.07	3
22.08	3
22.09	3
22.1	3
22.11	3
22.12	3
22.13	3
22.14	3
22.15	3
22.16	3
22.17	3
22.18	3
22.19	3
22.2	3
22.21	3
22.22	3
22.23	3
22.24	3
22.25	3
22.26	3
22.27	3
22.28	3
22.29	3
22.3	3
22.31	3
22.32	3
22.33	3
22.34	3
22.35	3
22.36	3
22.37	3
22.38	3
22.39	3
22.4	3
22.41	3
22.42	3
22.43	3
22.44	3
22.45	3
22.46	3
22.47	3
22.48	3
22.49	3
22.5	3
22.51	3
22.52	3
22.53	3
22.54	3
22.55	3
22.56	3
22.57	3
22.58	3
22.59	3
22.6	3
22.61	3
22.62	3
22.63	3
22.64	3
22.65	3
22.66	3
22.67	3
22.68	3
22.69	3
22.7	3
22.71	3
22.72	3
22.73	3
22.74	3
22.75	3
22.76	3
22.77	3
22.78	3
22.79	3
22.8	3
22.81	3
22.82	3
22.83	3
22.84	3
22.85	3
22.86	3
22.87	3
22.88	3
22.89	3
22.9	3
22.91	3
22.92	3
22.93	3
22.94	3
22.95	3
22.96	3
22.97	3
22.98	3
22.99	3
23	3
23.01	3
23.02	3
23.03	3
23.04	3
23.05	3
23.06	3
23.07	3
23.08	3
23.09	3
23.1	3
23.11	3
23.12	3
23.13	3
23.14	3
23.15	3
23.16	3
23.17	3
23.18	3
23.19	3
23.2	3
23.21	3
23.22	3
23.23	3
23.24	3
23.25	3
23.26	3
23.27	3
23.28	3
23.29	3
23.3	3
23.31	3
23.32	3
23.33	3
23.34	3
23.35	3
23.36	3
23.37	3
23.38	3
23.39	3
23.4	3
23.41	3
23.42	3
23.43	3
23.44	3
23.45	3
23.46	3
23.47	3
23.48	3
23.49	3
23.5	3
23.51	3
23.52	3
23.53	3
23.54	3
23.55	3
23.56	3
23.57	3
23.58	3
23.59	3
23.6	3
23.61	3
23.62	3
23.63	3
23.64	3
23.65	3
23.66	3
23.67	3
23.68	3
23.69	3
23.7	3
23.71	3
23.72	3
23.73	3
23.74	3
23.75	3
23.76	3
23.77	3
23.78	3
23.79	3
23.8	3
23.81	3
23.82	3
23.83	3
23.84	3
23.85	3
23.86	3
23.87	3
23.88	3
23.89	3
23.9	3
23.91	3
23.92	3
23.93	3
23.94	3
23.95	3
23.96	3
23.97	3
23.98	3
23.99	3
24	3
24.01	3
24.02	3
24.03	3
24.04	3
24.05	3
24.06	3
24.07	3
24.08	3
24.09	3
24.1	3
24.11	3
24.12	3
24.13	3
24.14	3
24.15	3
24.16	3
24.17	3
24.18	3
24.19	3
24.2	3
24.21	3
24.22	3
24.23	3
24.24	3
24.25	3
24.26	3
24.27	3
24.28	3
24.29	3
24.3	3
24.31	3
24.32	3
24.33	3
24.34	3
24.35	3
24.36	3
24.37	3
24.38	3
24.39	3
24.4	3
24.41	3
24.42	3
24.43	3
24.44	3
24.45	3
24.46	3
24.47	3
24.48	3
24.49	3
24.5	3
24.51	3
24.52	3
24.53	3
24.54	3
24.55	3
24.56	3
24.57	3
24.58	3
24.59	3
24.6	3
24.61	3
24.62	3
24.63	3
24.64	3
24.65	3
24.66	3
24.67	3
24.68	3
24.69	3
24.7	3
24.71	3
24.72	3
24.73	3
24.74	3
24.75	3
24.76	3
24.77	3
24.78	3
24.79	3
24.8	3
24.81	3
24.82	3
24.83	3
24.84	3
24.85	3
24.86	3
24.87	3
24.88	3
24.89	3
24.9	3
24.91	3
24.92	3
24.93	3
24.94	3
24.95	3
24.96	3
24.97	3
24.98	3
24.99	3
25	3
25.01	3
25.02	3
25.03	3
25.04	3
25.05	3
25.06	3
25.07	3
25.08	3
25.09	3
25.1	3
25.11	3
25.12	3
25.13	3
25.14	3
25.15	3
25.16	3
25.17	3
25.18	3
25.19	3
25.2	3
25.21	3
25.22	3
25.23	3
25.24	3
25.25	3
25.26	3
25.27	3
25.28	3
25.29	3
25.3	3
25.31	3
25.32	3
25.33	3
25.34	3
25.35	3
25.36	3
25.37	3
25.38	3
25.39	3
25.4	3
25.41	3
25.42	3
25.43	3
25.44	3
25.45	3
25.46	3
25.47	3
25.48	3
25.49	3
25.5	3
25.51	3
25.52	3
25.53	3
25.54	3
25.55	3
25.56	3
25.57	3
25.58	3
25.59	3
25.6	3
25.61	3
25.62	3
25.63	3
25.64	3
25.65	3
25.66	3
25.67	3
25.68	3
25.69	3
25.7	3
25.71	3
25.72	3
25.73	3
25.74	3
25.75	3
25.76	3
25.77	3
25.78	3
25.79	3
25.8	3
25.81	3
25.82	3
25.83	3
25.84	3
25.85	3
25.86	3
25.87	3
25.88	3
25.89	3
25.9	3
25.91	3
25.92	3
25.93	3
25.94	3
25.95	3
25.96	3
25.97	3
25.98	3
25.99	3
26	3
26.01	3
26.02	3
26.03	3
26.04	3
26.05	3
26.06	3
26.07	3
26.08	3
26.09	3
26.1	3
26.11	3
26.12	3
26.13	3
26.14	3
26.15	3
26.16	3
26.17	3
26.18	3
26.19	3
26.2	3
26.21	3
26.22	3
26.23	3
26.24	3
26.25	3
26.26	3
26.27	3
26.28	3
26.29	3
26.3	3
26.31	3
26.32	3
26.33	3
26.34	3
26.35	3
26.36	3
26.37	3
26.38	3
26.39	3
26.4	3
26.41	3
26.42	3
26.43	3
26.44	3
26.45	3
26.46	3
26.47	3
26.48	3
26.49	3
26.5	3
26.51	3
26.52	3
26.53	3
26.54	3
26.55	3
26.56	3
26.57	3
26.58	3
26.59	3
26.6	3
26.61	3
26.62	3
26.63	3
26.64	3
26.65	3
26.66	3
26.67	3
26.68	3
26.69	3
26.7	3
26.71	3
26.72	3
26.73	3
26.74	3
26.75	3
26.76	3
26.77	3
26.78	3
26.79	3
26.8	3
26.81	3
26.82	3
26.83	3
26.84	3
26.85	3
26.86	3
26.87	3
26.88	3
26.89	3
26.9	3
26.91	3
26.92	3
26.93	3
26.94	3
26.95	3
26.96	3
26.97	3
26.98	3
26.99	3
27	3
27.01	3
27.02	3
27.03	3
27.04	3
27.05	3
27.06	3
27.07	3
27.08	3
27.09	3
27.1	3
27.11	3
27.12	3
27.13	3
27.14	3
27.15	3
27.16	3
27.17	3
27.18	3
27.19	3
27.2	3
27.21	3
27.22	3
27.23	3
27.24	3
27.25	3
27.26	3
27.27	3
27.28	3
27.29	3
27.3	3
27.31	3
27.32	3
27.33	3
27.34	3
27.35	3
27.36	3
27.37	3
27.38	3
27.39	3
27.4	3
27.41	3
27.42	3
27.43	3
27.44	3
27.45	3
27.46	3
27.47	3
27.48	3
27.49	3
27.5	3
27.51	3
27.52	3
27.53	3
27.54	3
27.55	3
27.56	3
27.57	3
27.58	3
27.59	3
27.6	3
27.61	3
27.62	3
27.63	3
27.64	3
27.65	3
27.66	3
27.67	3
27.68	3
27.69	3
27.7	3
27.71	3
27.72	3
27.73	3
27.74	3
27.75	3
27.76	3
27.77	3
27.78	3
27.79	3
27.8	3
27.81	3
27.82	3
27.83	3
27.84	3
27.85	3
27.86	3
27.87	3
27.88	3
27.89	3
27.9	3
27.91	3
27.92	3
27.93	3
27.94	3
27.95	3
27.96	3
27.97	3
27.98	3
27.99	3
28	3
28.01	3
28.02	3
28.03	3
28.04	3
28.05	3
28.06	3
28.07	3
28.08	3
28.09	3
28.1	3
28.11	3
28.12	3
28.13	3
28.14	3
28.15	3
28.16	3
28.17	3
28.18	3
28.19	3
28.2	3
28.21	3
28.22	3
28.23	3
28.24	3
28.25	3
28.26	3
28.27	3
28.28	3
28.29	3
28.3	3
28.31	3
28.32	3
28.33	3
28.34	3
28.35	3
28.36	3
28.37	3
28.38	3
28.39	3
28.4	3
28.41	3
28.42	3
28.43	3
28.44	3
28.45	3
28.46	3
28.47	3
28.48	3
28.49	3
28.5	3
28.51	3
28.52	3
28.53	3
28.54	3
28.55	3
28.56	3
28.57	3
28.58	3
28.59	3
28.6	3
28.61	3
28.62	3
28.63	3
28.64	3
28.65	3
28.66	3
28.67	3
28.68	3
28.69	3
28.7	3
28.71	3
28.72	3
28.73	3
28.74	3
28.75	3
28.76	3
28.77	3
28.78	3
28.79	3
28.8	3
28.81	3
28.82	3
28.83	3
28.84	3
28.85	3
28.86	3
28.87	3
28.88	3
28.89	3
28.9	3
28.91	3
28.92	3
28.93	3
28.94	3
28.95	3
28.96	3
28.97	3
28.98	3
28.99	3
29	3
29.01	3
29.02	3
29.03	3
29.04	3
29.05	3
29.06	3
29.07	3
29.08	3
29.09	3
29.1	3
29.11	3
29.12	3
29.13	3
29.14	3
29.15	3
29.16	3
29.17	3
29.18	3
29.19	3
29.2	3
29.21	3
29.22	3
29.23	3
29.24	3
29.25	3
29.26	3
29.27	3
29.28	3
29.29	3
29.3	3
29.31	3
29.32	3
29.33	3
29.34	3
29.35	3
29.36	3
29.37	3
29.38	3
29.39	3
29.4	3
29.41	3
29.42	3
29.43	3
29.44	3
29.45	3
29.46	3
29.47	3
29.48	3
29.49	3
29.5	3
29.51	3
29.52	3
29.53	3
29.54	3
29.55	3
29.56	3
29.57	3
29.58	3
29.59	3
29.6	3
29.61	3
29.62	3
29.63	3
29.64	3
29.65	3
29.66	3
29.67	3
29.68	3
29.69	3
29.7	3
29.71	3
29.72	3
29.73	3
29.74	3
29.75	3
29.76	3
29.77	3
29.78	3
29.79	3
29.8	3
29.81	3
29.82	3
29.83	3
29.84	3
29.85	3
29.86	3
29.87	3
29.88	3
29.89	3
29.9	3
29.91	3
29.92	3
29.93	3
29.94	3
29.95	3
29.96	3
29.97	3
29.98	3
29.99	3
30	3
30.01	3
30.02	3
30.03	3
30.04	3
30.05	3
30.06	3
30.07	3
30.08	3
30.09	3
30.1	3
30.11	3
30.12	3
30.13	3
30.14	3
30.15	3
30.16	3
30.17	3
30.18	3
30.19	3
30.2	3
30.21	3
30.22	3
30.23	3
30.24	3
30.25	3
30.26	3
30.27	3
30.28	3
30.29	3
30.3	3
30.31	3
30.32	3
30.33	3
30.34	3
30.35	3
30.36	3
30.37	3
30.38	3
30.39	3
30.4	3
30.41	3
30.42	3
30.43	3
30.44	3
30.45	3
30.46	3
30.47	3
30.48	3
30.49	3
30.5	3
30.51	3
30.52	3
30.53	3
30.54	3
30.55	3
30.56	3
30.57	3
30.58	3
30.59	3
30.6	3
30.61	3
30.62	3
30.63	3
30.64	3
30.65	3
30.66	3
30.67	3
30.68	3
30.69	3
30.7	3
30.71	3
30.72	3
30.73	3
30.74	3
30.75	3
30.76	3
30.77	3
30.78	3
30.79	3
30.8	3
30.81	3
30.82	3
30.83	3
30.84	3
30.85	3
30.86	3
30.87	3
30.88	3
30.89	3
30.9	3
30.91	3
30.92	3
30.93	3
30.94	3
30.95	3
30.96	3
30.97	3
30.98	3
30.99	3
31	3
31.01	3
31.02	3
31.03	3
31.04	3
31.05	3
31.06	3
31.07	3
31.08	3
31.09	3
31.1	3
31.11	3
31.12	3
31.13	3
31.14	3
31.15	3
31.16	3
31.17	3
31.18	3
31.19	3
31.2	3
31.21	3
31.22	3
31.23	3
31.24	3
31.25	3
31.26	3
31.27	3
31.28	3
31.29	3
31.3	3
31.31	3
31.32	3
31.33	3
31.34	3
31.35	3
31.36	3
31.37	3
31.38	3
31.39	3
31.4	3
31.41	3
31.42	3
31.43	3
31.44	3
31.45	3
31.46	3
31.47	3
31.48	3
31.49	3
31.5	3
31.51	3
31.52	3
31.53	3
31.54	3
31.55	3
31.56	3
31.57	3
31.58	3
31.59	3
31.6	3
31.61	3
31.62	3
31.63	3
31.64	3
31.65	3
31.66	3
31.67	3
31.68	3
31.69	3
31.7	3
31.71	3
31.72	3
31.73	3
31.74	3
31.75	3
31.76	3
31.77	3
31.78	3
31.79	3
31.8	3
31.81	3
31.82	3
31.83	3
31.84	3
31.85	3
31.86	3
31.87	3
31.88	3
31.89	3
31.9	3
31.91	3
31.92	3
31.93	3
31.94	3
31.95	3
31.96	3
31.97	3
31.98	3
31.99	3
32	3
32.01	3
32.02	3
32.03	3
32.04	3
32.05	3
32.06	3
32.07	3
32.08	3
32.09	3
32.1	3
32.11	3
32.12	3
32.13	3
32.14	3
32.15	3
32.16	3
32.17	3
32.18	3
32.19	3
32.2	3
32.21	3
32.22	3
32.23	3
32.24	3
32.25	3
32.26	3
32.27	3
32.28	3
32.29	3
32.3	3
32.31	3
32.32	3
32.33	3
32.34	3
32.35	3
32.36	3
32.37	3
32.38	3
32.39	3
32.4	3
32.41	3
32.42	3
32.43	3
32.44	3
32.45	3
32.46	3
32.47	3
32.48	3
32.49	3
32.5	3
32.51	3
32.52	3
32.53	3
32.54	3
32.55	3
32.56	3
32.57	3
32.58	3
32.59	3
32.6	3
32.61	3
32.62	3
32.63	3
32.64	3
32.65	3
32.66	3
32.67	3
32.68	3
32.69	3
32.7	3
32.71	3
32.72	3
32.73	3
32.74	3
32.75	3
32.76	3
32.77	3
32.78	3
32.79	3
32.8	3
32.81	3
32.82	3
32.83	3
32.84	3
32.85	3
32.86	3
32.87	3
32.88	3
32.89	3
32.9	3
32.91	3
32.92	3
32.93	3
32.94	3
32.95	3
32.96	3
32.97	3
32.98	3
32.99	3
33	3
33.01	3
33.02	3
33.03	3
33.04	3
33.05	3
33.06	3
33.07	3
33.08	3
33.09	3
33.1	3
33.11	3
33.12	3
33.13	3
33.14	3
33.15	3
33.16	3
33.17	3
33.18	3
33.19	3
33.2	3
33.21	3
33.22	3
33.23	3
33.24	3
33.25	3
33.26	3
33.27	3
33.28	3
33.29	3
33.3	3
33.31	3
33.32	3
33.33	3
33.34	3
33.35	3
33.36	3
33.37	3
33.38	3
33.39	3
33.4	3
33.41	3
33.42	3
33.43	3
33.44	3
33.45	3
33.46	3
33.47	3
33.48	3
33.49	3
33.5	3
33.51	3
33.52	3
33.53	3
33.54	3
33.55	3
33.56	3
33.57	3
33.58	3
33.59	3
33.6	3
33.61	3
33.62	3
33.63	3
33.64	3
33.65	3
33.66	3
33.67	3
33.68	3
33.69	3
33.7	3
33.71	3
33.72	3
33.73	3
33.74	3
33.75	3
33.76	3
33.77	3
33.78	3
33.79	3
33.8	3
33.81	3
33.82	3
33.83	3
33.84	3
33.85	3
33.86	3
33.87	3
33.88	3
33.89	3
33.9	3
33.91	3
33.92	3
33.93	3
33.94	3
33.95	3
33.96	3
33.97	3
33.98	3
33.99	3
34	3
34.01	3
34.02	3
34.03	3
34.04	3
34.05	3
34.06	3
34.07	3
34.08	3
34.09	3
34.1	3
34.11	3
34.12	3
34.13	3
34.14	3
34.15	3
34.16	3
34.17	3
34.18	3
34.19	3
34.2	3
34.21	3
34.22	3
34.23	3
34.24	3
34.25	3
34.26	3
34.27	3
34.28	3
34.29	3
34.3	3
34.31	3
34.32	3
34.33	3
34.34	3
34.35	3
34.36	3
34.37	3
34.38	3
34.39	3
34.4	3
34.41	3
34.42	3
34.43	3
34.44	3
34.45	3
34.46	3
34.47	3
34.48	3
34.49	3
34.5	3
34.51	3
34.52	3
34.53	3
34.54	3
34.55	3
34.56	3
34.57	3
34.58	3
34.59	3
34.6	3
34.61	3
34.62	3
34.63	3
34.64	3
34.65	3
34.66	3
34.67	3
34.68	3
34.69	3
34.7	3
34.71	3
34.72	3
34.73	3
34.74	3
34.75	3
34.76	3
34.77	3
34.78	3
34.79	3
34.8	3
34.81	3
34.82	3
34.83	3
34.84	3
34.85	3
34.86	3
34.87	3
34.88	3
34.89	3
34.9	3
34.91	3
34.92	3
34.93	3
34.94	3
34.95	3
34.96	3
34.97	3
34.98	3
34.99	3
35	3
35.01	3
35.02	3
35.03	3
35.04	3
35.05	3
35.06	3
35.07	3
35.08	3
35.09	3
35.1	3
35.11	3
35.12	3
35.13	3
35.14	3
35.15	3
35.16	3
35.17	3
35.18	3
35.19	3
35.2	3
35.21	3
35.22	3
35.23	3
35.24	3
35.25	3
35.26	3
35.27	3
35.28	3
35.29	3
35.3	3
35.31	3
35.32	3
35.33	3
35.34	3
35.35	3
35.36	3
35.37	3
35.38	3
35.39	3
35.4	3
35.41	3
35.42	3
35.43	3
35.44	3
35.45	3
35.46	3
35.47	3
35.48	3
35.49	3
35.5	3
35.51	3
35.52	3
35.53	3
35.54	3
35.55	3
35.56	3
35.57	3
35.58	3
35.59	3
35.6	3
35.61	3
35.62	3
35.63	3
35.64	3
35.65	3
35.66	3
35.67	3
35.68	3
35.69	3
35.7	3
35.71	3
35.72	3
35.73	3
35.74	3
35.75	3
35.76	3
35.77	3
35.78	3
35.79	3
35.8	3
35.81	3
35.82	3
35.83	3
35.84	3
35.85	3
35.86	3
35.87	3
35.88	3
35.89	3
35.9	3
35.91	3
35.92	3
35.93	3
35.94	3
35.95	3
35.96	3
35.97	3
35.98	3
35.99	3
36	3
36.01	3
36.02	3
36.03	3
36.04	3
36.05	3
36.06	3
36.07	3
36.08	3
36.09	3
36.1	3
36.11	3
36.12	3
36.13	3
36.14	3
36.15	3
36.16	3
36.17	3
36.18	3
36.19	3
36.2	3
36.21	3
36.22	3
36.23	3
36.24	3
36.25	3
36.26	3
36.27	3
36.28	3
36.29	3
36.3	3
36.31	3
36.32	3
36.33	3
36.34	3
36.35	3
36.36	3
36.37	3
36.38	3
36.39	3
36.4	3
36.41	3
36.42	3
36.43	3
36.44	3
36.45	3
36.46	3
36.47	3
36.48	3
36.49	3
36.5	3
36.51	3
36.52	3
36.53	3
36.54	3
36.55	3
36.56	3
36.57	3
36.58	3
36.59	3
36.6	3
36.61	3
36.62	3
36.63	3
36.64	3
36.65	3
36.66	3
36.67	3
36.68	3
36.69	3
36.7	3
36.71	3
36.72	3
36.73	3
36.74	3
36.75	3
36.76	3
36.77	3
36.78	3
36.79	3
36.8	3
36.81	3
36.82	3
36.83	3
36.84	3
36.85	3
36.86	3
36.87	3
36.88	3
36.89	3
36.9	3
36.91	3
36.92	3
36.93	3
36.94	3
36.95	3
36.96	3
36.97	3
36.98	3
36.99	3
37	3
37.01	3
37.02	3
37.03	3
37.04	3
37.05	3
37.06	3
37.07	3
37.08	3
37.09	3
37.1	3
37.11	3
37.12	3
37.13	3
37.14	3
37.15	3
37.16	3
37.17	3
37.18	3
37.19	3
37.2	3
37.21	3
37.22	3
37.23	3
37.24	3
37.25	3
37.26	3
37.27	3
37.28	3
37.29	3
37.3	3
37.31	3
37.32	3
37.33	3
37.34	3
37.35	3
37.36	3
37.37	3
37.38	3
37.39	3
37.4	3
37.41	3
37.42	3
37.43	3
37.44	3
37.45	3
37.46	3
37.47	3
37.48	3
37.49	3
37.5	3
37.51	3
37.52	3
37.53	3
37.54	3
37.55	3
37.56	3
37.57	3
37.58	3
37.59	3
37.6	3
37.61	3
37.62	3
37.63	3
37.64	3
37.65	3
37.66	3
37.67	3
37.68	3
37.69	3
37.7	3
37.71	3
37.72	3
37.73	3
37.74	3
37.75	3
37.76	3
37.77	3
37.78	3
37.79	3
37.8	3
37.81	3
37.82	3
37.83	3
37.84	3
37.85	3
37.86	3
37.87	3
37.88	3
37.89	3
37.9	3
37.91	3
37.92	3
37.93	3
37.94	3
37.95	3
37.96	3
37.97	3
37.98	3
37.99	3
38	3
38.01	3
38.02	3
38.03	3
38.04	3
38.05	3
38.06	3
38.07	3
38.08	3
38.09	3
38.1	3
38.11	3
38.12	3
38.13	3
38.14	3
38.15	3
38.16	3
38.17	3
38.18	3
38.19	3
38.2	3
38.21	3
38.22	3
38.23	3
38.24	3
38.25	3
38.26	3
38.27	3
38.28	3
38.29	3
38.3	3
38.31	3
38.32	3
38.33	3
38.34	3
38.35	3
38.36	3
38.37	3
38.38	3
38.39	3
38.4	3
38.41	3
38.42	3
38.43	3
38.44	3
38.45	3
38.46	3
38.47	3
38.48	3
38.49	3
38.5	3
38.51	3
38.52	3
38.53	3
38.54	3
38.55	3
38.56	3
38.57	3
38.58	3
38.59	3
38.6	3
38.61	3
38.62	3
38.63	3
38.64	3
38.65	3
38.66	3
38.67	3
38.68	3
38.69	3
38.7	3
38.71	3
38.72	3
38.73	3
38.74	3
38.75	3
38.76	3
38.77	3
38.78	3
38.79	3
38.8	3
38.81	3
38.82	3
38.83	3
38.84	3
38.85	3
38.86	3
38.87	3
38.88	3
38.89	3
38.9	3
38.91	3
38.92	3
38.93	3
38.94	3
38.95	3
38.96	3
38.97	3
38.98	3
38.99	3
39	3
39.01	3
39.02	3
39.03	3
39.04	3
39.05	3
39.06	3
39.07	3
39.08	3
39.09	3
39.1	3
39.11	3
39.12	3
39.13	3
39.14	3
39.15	3
39.16	3
39.17	3
39.18	3
39.19	3
39.2	3
39.21	3
39.22	3
39.23	3
39.24	3
39.25	3
39.26	3
39.27	3
39.28	3
39.29	3
39.3	3
39.31	3
39.32	3
39.33	3
39.34	3
39.35	3
39.36	3
39.37	3
39.38	3
39.39	3
39.4	3
39.41	3
39.42	3
39.43	3
39.44	3
39.45	3
39.46	3
39.47	3
39.48	3
39.49	3
39.5	3
39.51	3
39.52	3
39.53	3
39.54	3
39.55	3
39.56	3
39.57	3
39.58	3
39.59	3
39.6	3
39.61	3
39.62	3
39.63	3
39.64	3
39.65	3
39.66	3
39.67	3
39.68	3
39.69	3
39.7	3
39.71	3
39.72	3
39.73	3
39.74	3
39.75	3
39.76	3
39.77	3
39.78	3
39.79	3
39.8	3
39.81	3
39.82	3
39.83	3
39.84	3
39.85	3
39.86	3
39.87	3
39.88	3
39.89	3
39.9	3
39.91	3
39.92	3
39.93	3
39.94	3
39.95	3
39.96	3
39.97	3
39.98	3
39.99	3
40	3
40.01	3
40.02	3
40.03	3
40.04	3
40.05	3
40.06	3
40.07	3
40.08	3
40.09	3
40.1	3
40.11	3
40.12	3
40.13	3
40.14	3
40.15	3
40.16	3
40.17	3
40.18	3
40.19	3
40.2	3
40.21	3
40.22	3
40.23	3
40.24	3
40.25	3
40.26	3
40.27	3
40.28	3
40.29	3
40.3	3
40.31	3
40.32	3
40.33	3
40.34	3
40.35	3
40.36	3
40.37	3
40.38	3
40.39	3
40.4	3
40.41	3
40.42	3
40.43	3
40.44	3
40.45	3
40.46	3
40.47	3
40.48	3
40.49	3
40.5	3
40.51	3
40.52	3
40.53	3
40.54	3
40.55	3
40.56	3
40.57	3
40.58	3
40.59	3
40.6	3
40.61	3
40.62	3
40.63	3
40.64	3
40.65	3
40.66	3
40.67	3
40.68	3
40.69	3
40.7	3
40.71	3
40.72	3
40.73	3
40.74	3
40.75	3
40.76	3
40.77	3
40.78	3
40.79	3
40.8	3
40.81	3
40.82	3
40.83	3
40.84	3
40.85	3
40.86	3
40.87	3
40.88	3
40.89	3
40.9	3
40.91	3
40.92	3
40.93	3
40.94	3
40.95	3
40.96	3
40.97	3
40.98	3
40.99	3
41	3
41.01	3
41.02	3
41.03	3
41.04	3
41.05	3
41.06	3
41.07	3
41.08	3
41.09	3
41.1	3
41.11	3
41.12	3
41.13	3
41.14	3
41.15	3
41.16	3
41.17	3
41.18	3
41.19	3
41.2	3
41.21	3
41.22	3
41.23	3
41.24	3
41.25	3
41.26	3
41.27	3
41.28	3
41.29	3
41.3	3
41.31	3
41.32	3
41.33	3
41.34	3
41.35	3
41.36	3
41.37	3
41.38	3
41.39	3
41.4	3
41.41	3
41.42	3
41.43	3
41.44	3
41.45	3
41.46	3
41.47	3
41.48	3
41.49	3
41.5	3
41.51	3
41.52	3
41.53	3
41.54	3
41.55	3
41.56	3
41.57	3
41.58	3
41.59	3
41.6	3
41.61	3
41.62	3
41.63	3
41.64	3
41.65	3
41.66	3
41.67	3
41.68	3
41.69	3
41.7	3
41.71	3
41.72	3
41.73	3
41.74	3
41.75	3
41.76	3
41.77	3
41.78	3
41.79	3
41.8	3
41.81	3
41.82	3
41.83	3
41.84	3
41.85	3
41.86	3
41.87	3
41.88	3
41.89	3
41.9	3
41.91	3
41.92	3
41.93	3
41.94	3
41.95	3
41.96	3
41.97	3
41.98	3
41.99	3
42	3
42.01	3
42.02	3
42.03	3
42.04	3
42.05	3
42.06	3
42.07	3
42.08	3
42.09	3
42.1	3
42.11	3
42.12	3
42.13	3
42.14	3
42.15	3
42.16	3
42.17	3
42.18	3
42.19	3
42.2	3
42.21	3
42.22	3
42.23	3
42.24	3
42.25	3
42.26	3
42.27	3
42.28	3
42.29	3
42.3	3
42.31	3
42.32	3
42.33	3
42.34	3
42.35	3
42.36	3
42.37	3
42.38	3
42.39	3
42.4	3
42.41	3
42.42	3
42.43	3
42.44	3
42.45	3
42.46	3
42.47	3
42.48	3
42.49	3
42.5	3
42.51	3
42.52	3
42.53	3
42.54	3
42.55	3
42.56	3
42.57	3
42.58	3
42.59	3
42.6	3
42.61	3
42.62	3
42.63	3
42.64	3
42.65	3
42.66	3
42.67	3
42.68	3
42.69	3
42.7	3
42.71	3
42.72	3
42.73	3
42.74	3
42.75	3
42.76	3
42.77	3
42.78	3
42.79	3
42.8	3
42.81	3
42.82	3
42.83	3
42.84	3
42.85	3
42.86	3
42.87	3
42.88	3
42.89	3
42.9	3
42.91	3
42.92	3
42.93	3
42.94	3
42.95	3
42.96	3
42.97	3
42.98	3
42.99	3
43	3
43.01	3
43.02	3
43.03	3
43.04	3
43.05	3
43.06	3
43.07	3
43.08	3
43.09	3
43.1	3
43.11	3
43.12	3
43.13	3
43.14	3
43.15	3
43.16	3
43.17	3
43.18	3
43.19	3
43.2	3
43.21	3
43.22	3
43.23	3
43.24	3
43.25	3
43.26	3
43.27	3
43.28	3
43.29	3
43.3	3
43.31	3
43.32	3
43.33	3
43.34	3
43.35	3
43.36	3
43.37	3
43.38	3
43.39	3
43.4	3
43.41	3
43.42	3
43.43	3
43.44	3
43.45	3
43.46	3
43.47	3
43.48	3
43.49	3
43.5	3
43.51	3
43.52	3
43.53	3
43.54	3
43.55	3
43.56	3
43.57	3
43.58	3
43.59	3
43.6	3
43.61	3
43.62	3
43.63	3
43.64	3
43.65	3
43.66	3
43.67	3
43.68	3
43.69	3
43.7	3
43.71	3
43.72	3
43.73	3
43.74	3
43.75	3
43.76	3
43.77	3
43.78	3
43.79	3
43.8	3
43.81	3
43.82	3
43.83	3
43.84	3
43.85	3
43.86	3
43.87	3
43.88	3
43.89	3
43.9	3
43.91	3
43.92	3
43.93	3
43.94	3
43.95	3
43.96	3
43.97	3
43.98	3
43.99	3
44	3
44.01	3
44.02	3
44.03	3
44.04	3
44.05	3
44.06	3
44.07	3
44.08	3
44.09	3
44.1	3
44.11	3
44.12	3
44.13	3
44.14	3
44.15	3
44.16	3
44.17	3
44.18	3
44.19	3
44.2	3
44.21	3
44.22	3
44.23	3
44.24	3
44.25	3
44.26	3
44.27	3
44.28	3
44.29	3
44.3	3
44.31	3
44.32	3
44.33	3
44.34	3
44.35	3
44.36	3
44.37	3
44.38	3
44.39	3
44.4	3
44.41	3
44.42	3
44.43	3
44.44	3
44.45	3
44.46	3
44.47	3
44.48	3
44.49	3
44.5	3
44.51	3
44.52	3
44.53	3
44.54	3
44.55	3
44.56	3
44.57	3
44.58	3
44.59	3
44.6	3
44.61	3
44.62	3
44.63	3
44.64	3
44.65	3
44.66	3
44.67	3
44.68	3
44.69	3
44.7	3
44.71	3
44.72	3
44.73	3
44.74	3
44.75	3
44.76	3
44.77	3
44.78	3
44.79	3
44.8	3
44.81	3
44.82	3
44.83	3
44.84	3
44.85	3
44.86	3
44.87	3
44.88	3
44.89	3
44.9	3
44.91	3
44.92	3
44.93	3
44.94	3
44.95	3
44.96	3
44.97	3
44.98	3
44.99	3
45	3
45.01	3
45.02	3
45.03	3
45.04	3
45.05	3
45.06	3
45.07	3
45.08	3
45.09	3
45.1	3
45.11	3
45.12	3
45.13	3
45.14	3
45.15	3
45.16	3
45.17	3
45.18	3
45.19	3
45.2	3
45.21	3
45.22	3
45.23	3
45.24	3
45.25	3
45.26	3
45.27	3
45.28	3
45.29	3
45.3	3
45.31	3
45.32	3
45.33	3
45.34	3
45.35	3
45.36	3
45.37	3
45.38	3
45.39	3
45.4	3
45.41	3
45.42	3
45.43	3
45.44	3
45.45	3
45.46	3
45.47	3
45.48	3
45.49	3
45.5	3
45.51	3
45.52	3
45.53	3
45.54	3
45.55	3
45.56	3
45.57	3
45.58	3
45.59	3
45.6	3
45.61	3
45.62	3
45.63	3
45.64	3
45.65	3
45.66	3
45.67	3
45.68	3
45.69	3
45.7	3
45.71	3
45.72	3
45.73	3
45.74	3
45.75	3
45.76	3
45.77	3
45.78	3
45.79	3
45.8	3
45.81	3
45.82	3
45.83	3
45.84	3
45.85	3
45.86	3
45.87	3
45.88	3
45.89	3
45.9	3
45.91	3
45.92	3
45.93	3
45.94	3
45.95	3
45.96	3
45.97	3
45.98	3
45.99	3
46	3
46.01	3
46.02	3
46.03	3
46.04	3
46.05	3
46.06	3
46.07	3
46.08	3
46.09	3
46.1	3
46.11	3
46.12	3
46.13	3
46.14	3
46.15	3
46.16	3
46.17	3
46.18	3
46.19	3
46.2	3
46.21	3
46.22	3
46.23	3
46.24	3
46.25	3
46.26	3
46.27	3
46.28	3
46.29	3
46.3	3
46.31	3
46.32	3
46.33	3
46.34	3
46.35	3
46.36	3
46.37	3
46.38	3
46.39	3
46.4	3
46.41	3
46.42	3
46.43	3
46.44	3
46.45	3
46.46	3
46.47	3
46.48	3
46.49	3
46.5	3
46.51	3
46.52	3
46.53	3
46.54	3
46.55	3
46.56	3
46.57	3
46.58	3
46.59	3
46.6	3
46.61	3
46.62	3
46.63	3
46.64	3
46.65	3
46.66	3
46.67	3
46.68	3
46.69	3
46.7	3
46.71	3
46.72	3
46.73	3
46.74	3
46.75	3
46.76	3
46.77	3
46.78	3
46.79	3
46.8	3
46.81	3
46.82	3
46.83	3
46.84	3
46.85	3
46.86	3
46.87	3
46.88	3
46.89	3
46.9	3
46.91	3
46.92	3
46.93	3
46.94	3
46.95	3
46.96	3
46.97	3
46.98	3
46.99	3
47	3
47.01	3
47.02	3
47.03	3
47.04	3
47.05	3
47.06	3
47.07	3
47.08	3
47.09	3
47.1	3
47.11	3
47.12	3
47.13	3
47.14	3
47.15	3
47.16	3
47.17	3
47.18	3
47.19	3
47.2	3
47.21	3
47.22	3
47.23	3
47.24	3
47.25	3
47.26	3
47.27	3
47.28	3
47.29	3
47.3	3
47.31	3
47.32	3
47.33	3
47.34	3
47.35	3
47.36	3
47.37	3
47.38	3
47.39	3
47.4	3
47.41	3
47.42	3
47.43	3
47.44	3
47.45	3
47.46	3
47.47	3
47.48	3
47.49	3
47.5	3
47.51	3
47.52	3
47.53	3
47.54	3
47.55	3
47.56	3
47.57	3
47.58	3
47.59	3
47.6	3
47.61	3
47.62	3
47.63	3
47.64	3
47.65	3
47.66	3
47.67	3
47.68	3
47.69	3
47.7	3
47.71	3
47.72	3
47.73	3
47.74	3
47.75	3
47.76	3
47.77	3
47.78	3
47.79	3
47.8	3
47.81	3
47.82	3
47.83	3
47.84	3
47.85	3
47.86	3
47.87	3
47.88	3
47.89	3
47.9	3
47.91	3
47.92	3
47.93	3
47.94	3
47.95	3
47.96	3
47.97	3
47.98	3
47.99	3
48	3
48.01	3
48.02	3
48.03	3
48.04	3
48.05	3
48.06	3
48.07	3
48.08	3
48.09	3
48.1	3
48.11	3
48.12	3
48.13	3
48.14	3
48.15	3
48.16	3
48.17	3
48.18	3
48.19	3
48.2	3
48.21	3
48.22	3
48.23	3
48.24	3
48.25	3
48.26	3
48.27	3
48.28	3
48.29	3
48.3	3
48.31	3
48.32	3
48.33	3
48.34	3
48.35	3
48.36	3
48.37	3
48.38	3
48.39	3
48.4	3
48.41	3
48.42	3
48.43	3
48.44	3
48.45	3
48.46	3
48.47	3
48.48	3
48.49	3
48.5	3
48.51	3
48.52	3
48.53	3
48.54	3
48.55	3
48.56	3
48.57	3
48.58	3
48.59	3
48.6	3
48.61	3
48.62	3
48.63	3
48.64	3
48.65	3
48.66	3
48.67	3
48.68	3
48.69	3
48.7	3
48.71	3
48.72	3
48.73	3
48.74	3
48.75	3
48.76	3
48.77	3
48.78	3
48.79	3
48.8	3
48.81	3
48.82	3
48.83	3
48.84	3
48.85	3
48.86	3
48.87	3
48.88	3
48.89	3
48.9	3
48.91	3
48.92	3
48.93	3
48.94	3
48.95	3
48.96	3
48.97	3
48.98	3
48.99	3
49	3
49.01	3
49.02	3
49.03	3
49.04	3
49.05	3
49.06	3
49.07	3
49.08	3
49.09	3
49.1	3
49.11	3
49.12	3
49.13	3
49.14	3
49.15	3
49.16	3
49.17	3
49.18	3
49.19	3
49.2	3
49.21	3
49.22	3
49.23	3
49.24	3
49.25	3
49.26	3
49.27	3
49.28	3
49.29	3
49.3	3
49.31	3
49.32	3
49.33	3
49.34	3
49.35	3
49.36	3
49.37	3
49.38	3
49.39	3
49.4	3
49.41	3
49.42	3
49.43	3
49.44	3
49.45	3
49.46	3
49.47	3
49.48	3
49.49	3
49.5	3
49.51	3
49.52	3
49.53	3
49.54	3
49.55	3
49.56	3
49.57	3
49.58	3
49.59	3
49.6	3
49.61	3
49.62	3
49.63	3
49.64	3
49.65	3
49.66	3
49.67	3
49.68	3
49.69	3
49.7	3
49.71	3
49.72	3
49.73	3
49.74	3
49.75	3
49.76	3
49.77	3
49.78	3
49.79	3
49.8	3
49.81	3
49.82	3
49.83	3
49.84	3
49.85	3
49.86	3
49.87	3
49.88	3
49.89	3
49.9	3
49.91	3
49.92	3
49.93	3
49.94	3
49.95	3
49.96	3
49.97	3
49.98	3
49.99	3
50	3
50.01	3
50.02	3
50.03	3
50.04	3
50.05	3
50.06	3
50.07	3
50.08	3
50.09	3
50.1	3
50.11	3
50.12	3
50.13	3
50.14	3
50.15	3
50.16	3
50.17	3
50.18	3
50.19	3
50.2	3
50.21	3
50.22	3
50.23	3
50.24	3
50.25	3
50.26	3
50.27	3
50.28	3
50.29	3
50.3	3
50.31	3
50.32	3
50.33	3
50.34	3
50.35	3
50.36	3
50.37	3
50.38	3
50.39	3
50.4	3
50.41	3
50.42	3
50.43	3
50.44	3
50.45	3
50.46	3
50.47	3
50.48	3
50.49	3
50.5	3
50.51	3
50.52	3
50.53	3
50.54	3
50.55	3
50.56	3
50.57	3
50.58	3
50.59	3
50.6	3
50.61	3
50.62	3
50.63	3
50.64	3
50.65	3
50.66	3
50.67	3
50.68	3
50.69	3
50.7	3
50.71	3
50.72	3
50.73	3
50.74	3
50.75	3
50.76	3
50.77	3
50.78	3
50.79	3
50.8	3
50.81	3
50.82	3
50.83	3
50.84	3
50.85	3
50.86	3
50.87	3
50.88	3
50.89	3
50.9	3
50.91	3
50.92	3
50.93	3
50.94	3
50.95	3
50.96	3
50.97	3
50.98	3
50.99	3
51	3
51.01	3
51.02	3
51.03	3
51.04	3
51.05	3
51.06	3
51.07	3
51.08	3
51.09	3
51.1	3
51.11	3
51.12	3
51.13	3
51.14	3
51.15	3
51.16	3
51.17	3
51.18	3
51.19	3
51.2	3
51.21	3
51.22	3
51.23	3
51.24	3
51.25	3
51.26	3
51.27	3
51.28	3
51.29	3
51.3	3
51.31	3
51.32	3
51.33	3
51.34	3
51.35	3
51.36	3
51.37	3
51.38	3
51.39	3
51.4	3
51.41	3
51.42	3
51.43	3
51.44	3
51.45	3
51.46	3
51.47	3
51.48	3
51.49	3
51.5	3
51.51	3
51.52	3
51.53	3
51.54	3
51.55	3
51.56	3
51.57	3
51.58	3
51.59	3
51.6	3
51.61	3
51.62	3
51.63	3
51.64	3
51.65	3
51.66	3
51.67	3
51.68	3
51.69	3
51.7	3
51.71	3
51.72	3
51.73	3
51.74	3
51.75	3
51.76	3
51.77	3
51.78	3
51.79	3
51.8	3
51.81	3
51.82	3
51.83	3
51.84	3
51.85	3
51.86	3
51.87	3
51.88	3
51.89	3
51.9	3
51.91	3
51.92	3
51.93	3
51.94	3
51.95	3
51.96	3
51.97	3
51.98	3
51.99	3
52	3
52.01	3
52.02	3
52.03	3
52.04	3
52.05	3
52.06	3
52.07	3
52.08	3
52.09	3
52.1	3
52.11	3
52.12	3
52.13	3
52.14	3
52.15	3
52.16	3
52.17	3
52.18	3
52.19	3
52.2	3
52.21	3
52.22	3
52.23	3
52.24	3
52.25	3
52.26	3
52.27	3
52.28	3
52.29	3
52.3	3
52.31	3
52.32	3
52.33	3
52.34	3
52.35	3
52.36	3
52.37	3
52.38	3
52.39	3
52.4	3
52.41	3
52.42	3
52.43	3
52.44	3
52.45	3
52.46	3
52.47	3
52.48	3
52.49	3
52.5	3
52.51	3
52.52	3
52.53	3
52.54	3
52.55	3
52.56	3
52.57	3
52.58	3
52.59	3
52.6	3
52.61	3
52.62	3
52.63	3
52.64	3
52.65	3
52.66	3
52.67	3
52.68	3
52.69	3
52.7	3
52.71	3
52.72	3
52.73	3
52.74	3
52.75	3
52.76	3
52.77	3
52.78	3
52.79	3
52.8	3
52.81	3
52.82	3
52.83	3
52.84	3
52.85	3
52.86	3
52.87	3
52.88	3
52.89	3
52.9	3
52.91	3
52.92	3
52.93	3
52.94	3
52.95	3
52.96	3
52.97	3
52.98	3
52.99	3
53	3
53.01	3
53.02	3
53.03	3
53.04	3
53.05	3
53.06	3
53.07	3
53.08	3
53.09	3
53.1	3
53.11	3
53.12	3
53.13	3
53.14	3
53.15	3
53.16	3
53.17	3
53.18	3
53.19	3
53.2	3
53.21	3
53.22	3
53.23	3
53.24	3
53.25	3
53.26	3
53.27	3
53.28	3
53.29	3
53.3	3
53.31	3
53.32	3
53.33	3
53.34	3
53.35	3
53.36	3
53.37	3
53.38	3
53.39	3
53.4	3
53.41	3
53.42	3
53.43	3
53.44	3
53.45	3
53.46	3
53.47	3
53.48	3
53.49	3
53.5	3
53.51	3
53.52	3
53.53	3
53.54	3
53.55	3
53.56	3
53.57	3
53.58	3
53.59	3
53.6	3
53.61	3
53.62	3
53.63	3
53.64	3
53.65	3
53.66	3
53.67	3
53.68	3
53.69	3
53.7	3
53.71	3
53.72	3
53.73	3
53.74	3
53.75	3
53.76	3
53.77	3
53.78	3
53.79	3
53.8	3
53.81	3
53.82	3
53.83	3
53.84	3
53.85	3
53.86	3
53.87	3
53.88	3
53.89	3
53.9	3
53.91	3
53.92	3
53.93	3
53.94	3
53.95	3
53.96	3
53.97	3
53.98	3
53.99	3
54	3
54.01	3
54.02	3
54.03	3
54.04	3
54.05	3
54.06	3
54.07	3
54.08	3
54.09	3
54.1	3
54.11	3
54.12	3
54.13	3
54.14	3
54.15	3
54.16	3
54.17	3
54.18	3
54.19	3
54.2	3
54.21	3
54.22	3
54.23	3
54.24	3
54.25	3
54.26	3
54.27	3
54.28	3
54.29	3
54.3	3
54.31	3
54.32	3
54.33	3
54.34	3
54.35	3
54.36	3
54.37	3
54.38	3
54.39	3
54.4	3
54.41	3
54.42	3
54.43	3
54.44	3
54.45	3
54.46	3
54.47	3
54.48	3
54.49	3
54.5	3
54.51	3
54.52	3
54.53	3
54.54	3
54.55	3
54.56	3
54.57	3
54.58	3
54.59	3
54.6	3
54.61	3
54.62	3
54.63	3
54.64	3
54.65	3
54.66	3
54.67	3
54.68	3
54.69	3
54.7	3
54.71	3
54.72	3
54.73	3
54.74	3
54.75	3
54.76	3
54.77	3
54.78	3
54.79	3
54.8	3
54.81	3
54.82	3
54.83	3
54.84	3
54.85	3
54.86	3
54.87	3
54.88	3
54.89	3
54.9	3
54.91	3
54.92	3
54.93	3
54.94	3
54.95	3
54.96	3
54.97	3
54.98	3
54.99	3
55	3
55.01	3
55.02	3
55.03	3
55.04	3
55.05	3
55.06	3
55.07	3
55.08	3
55.09	3
55.1	3
55.11	3
55.12	3
55.13	3
55.14	3
55.15	3
55.16	3
55.17	3
55.18	3
55.19	3
55.2	3
55.21	3
55.22	3
55.23	3
55.24	3
55.25	3
55.26	3
55.27	3
55.28	3
55.29	3
55.3	3
55.31	3
55.32	3
55.33	3
55.34	3
55.35	3
55.36	3
55.37	3
55.38	3
55.39	3
55.4	3
55.41	3
55.42	3
55.43	3
55.44	3
55.45	3
55.46	3
55.47	3
55.48	3
55.49	3
55.5	3
55.51	3
55.52	3
55.53	3
55.54	3
55.55	3
55.56	3
55.57	3
55.58	3
55.59	3
55.6	3
55.61	3
55.62	3
55.63	3
55.64	3
55.65	3
55.66	3
55.67	3
55.68	3
55.69	3
55.7	3
55.71	3
55.72	3
55.73	3
55.74	3
55.75	3
55.76	3
55.77	3
55.78	3
55.79	3
55.8	3
55.81	3
55.82	3
55.83	3
55.84	3
55.85	3
55.86	3
55.87	3
55.88	3
55.89	3
55.9	3
55.91	3
55.92	3
55.93	3
55.94	3
55.95	3
55.96	3
55.97	3
55.98	3
55.99	3
56	3
56.01	3
56.02	3
56.03	3
56.04	3
56.05	3
56.06	3
56.07	3
56.08	3
56.09	3
56.1	3
56.11	3
56.12	3
56.13	3
56.14	3
56.15	3
56.16	3
56.17	3
56.18	3
56.19	3
56.2	3
56.21	3
56.22	3
56.23	3
56.24	3
56.25	3
56.26	3
56.27	3
56.28	3
56.29	3
56.3	3
56.31	3
56.32	3
56.33	3
56.34	3
56.35	3
56.36	3
56.37	3
56.38	3
56.39	3
56.4	3
56.41	3
56.42	3
56.43	3
56.44	3
56.45	3
56.46	3
56.47	3
56.48	3
56.49	3
56.5	3
56.51	3
56.52	3
56.53	3
56.54	3
56.55	3
56.56	3
56.57	3
56.58	3
56.59	3
56.6	3
56.61	3
56.62	3
56.63	3
56.64	4
56.65	3
56.66	3
56.67	3
56.68	3
56.69	3
56.7	3
56.71	3
56.72	3
56.73	3
56.74	3
56.75	3
56.76	3
56.77	3
56.78	3
56.79	3
56.8	3
56.81	3
56.82	3
56.83	3
56.84	3
56.85	3
56.86	3
56.87	3
56.88	3
56.89	3
56.9	3
56.91	3
56.92	3
56.93	3
56.94	3
56.95	3
56.96	3
56.97	3
56.98	3
56.99	3
57	3
57.01	3
57.02	3
57.03	3
57.04	3
57.05	3
57.06	3
57.07	3
57.08	3
57.09	3
57.1	3
57.11	3
57.12	3
57.13	3
57.14	3
57.15	3
57.16	3
57.17	3
57.18	3
57.19	3
57.2	3
57.21	3
57.22	3
57.23	3
57.24	3
57.25	3
57.26	3
57.27	3
57.28	3
57.29	3
57.3	3
57.31	3
57.32	3
57.33	3
57.34	3
57.35	3
57.36	3
57.37	3
57.38	3
57.39	3
57.4	3
57.41	3
57.42	3
57.43	3
57.44	3
57.45	3
57.46	3
57.47	3
57.48	3
57.49	3
57.5	3
57.51	3
57.52	3
57.53	3
57.54	3
57.55	3
57.56	3
57.57	3
57.58	3
57.59	3
57.6	3
57.61	3
57.62	3
57.63	3
57.64	3
57.65	3
57.66	3
57.67	3
57.68	3
57.69	3
57.7	3
57.71	3
57.72	3
57.73	3
57.74	3
57.75	3
57.76	3
57.77	3
57.78	3
57.79	3
57.8	3
57.81	3
57.82	3
57.83	3
57.84	3
57.85	3
57.86	3
57.87	3
57.88	3
57.89	3
57.9	3
57.91	3
57.92	3
57.93	3
57.94	3
57.95	3
57.96	3
57.97	3
57.98	3
57.99	3
58	3
58.01	3
58.02	3
58.03	3
58.04	3
58.05	3
58.06	3
58.07	3
58.08	3
58.09	3
58.1	3
58.11	3
58.12	3
58.13	3
58.14	3
58.15	3
58.16	3
58.17	3
58.18	3
58.19	3
58.2	3
58.21	3
58.22	3
58.23	3
58.24	3
58.25	3
58.26	3
58.27	3
58.28	3
58.29	3
58.3	3
58.31	3
58.32	3
58.33	3
58.34	3
58.35	3
58.36	3
58.37	3
58.38	3
58.39	3
58.4	3
58.41	3
58.42	3
58.43	3
58.44	3
58.45	3
58.46	3
58.47	3
58.48	3
58.49	3
58.5	3
58.51	3
58.52	3
58.53	3
58.54	3
58.55	3
58.56	3
58.57	3
58.58	3
58.59	3
58.6	3
58.61	3
58.62	3
58.63	3
58.64	3
58.65	3
58.66	3
58.67	3
58.68	3
58.69	3
58.7	3
58.71	3
58.72	3
58.73	3
58.74	3
58.75	3
58.76	3
58.77	3
58.78	3
58.79	3
58.8	3
58.81	3
58.82	3
58.83	3
58.84	3
58.85	3
58.86	3
58.87	3
58.88	3
58.89	3
58.9	3
58.91	3
58.92	3
58.93	3
58.94	3
58.95	3
58.96	3
58.97	3
58.98	3
58.99	3
59	3
59.01	3
59.02	3
59.03	3
59.04	3
59.05	3
59.06	3
59.07	3
59.08	3
59.09	3
59.1	3
59.11	3
59.12	3
59.13	3
59.14	3
59.15	3
59.16	3
59.17	3
59.18	3
59.19	3
59.2	3
59.21	3
59.22	3
59.23	3
59.24	3
59.25	3
59.26	3
59.27	3
59.28	3
59.29	3
59.3	3
59.31	3
59.32	3
59.33	3
59.34	3
59.35	3
59.36	3
59.37	3
59.38	3
59.39	3
59.4	3
59.41	3
59.42	3
59.43	3
59.44	3
59.45	3
59.46	3
59.47	3
59.48	3
59.49	3
59.5	3
59.51	3
59.52	3
59.53	3
59.54	3
59.55	3
59.56	3
59.57	3
59.58	3
59.59	3
59.6	3
59.61	3
59.62	3
59.63	3
59.64	3
59.65	3
59.66	3
59.67	3
59.68	3
59.69	3
59.7	3
59.71	3
59.72	3
59.73	3
59.74	3
59.75	3
59.76	3
59.77	3
59.78	3
59.79	3
59.8	3
59.81	3
59.82	3
59.83	3
59.84	3
59.85	3
59.86	3
59.87	3
59.88	3
59.89	3
59.9	3
59.91	3
59.92	3
59.93	3
59.94	3
59.95	3
59.96	3
59.97	3
59.98	3
59.99	3
60	3
60.01	3
60.02	3
60.03	3
60.04	3
60.05	3
60.06	3
60.07	3
60.08	3
60.09	3
60.1	3
60.11	3
60.12	3
60.13	3
60.14	3
60.15	3
60.16	3
60.17	3
60.18	3
60.19	3
60.2	3
60.21	3
60.22	3
60.23	3
60.24	3
60.25	3
60.26	3
60.27	3
60.28	3
60.29	3
60.3	3
60.31	3
60.32	3
60.33	3
60.34	3
60.35	3
60.36	3
60.37	3
60.38	3
60.39	3
60.4	3
60.41	3
60.42	3
60.43	3
60.44	3
60.45	3
60.46	3
60.47	3
60.48	3
60.49	3
60.5	3
60.51	3
60.52	3
60.53	3
60.54	3
60.55	3
60.56	3
60.57	3
60.58	3
60.59	3
60.6	3
60.61	3
60.62	3
60.63	3
60.64	3
60.65	3
60.66	3
60.67	3
60.68	3
60.69	3
60.7	3
60.71	3
60.72	3
60.73	3
60.74	3
60.75	3
60.76	3
60.77	3
60.78	3
60.79	3
60.8	3
60.81	3
60.82	3
60.83	3
60.84	3
60.85	3
60.86	3
60.87	3
60.88	3
60.89	3
60.9	3
60.91	3
60.92	3
60.93	3
60.94	3
60.95	3
60.96	3
60.97	3
60.98	3
60.99	3
61	3
61.01	3
61.02	3
61.03	3
61.04	3
61.05	3
61.06	3
61.07	3
61.08	3
61.09	3
61.1	3
61.11	3
61.12	3
61.13	3
61.14	3
61.15	3
61.16	3
61.17	3
61.18	3
61.19	3
61.2	3
61.21	3
61.22	3
61.23	3
61.24	3
61.25	3
61.26	3
61.27	3
61.28	3
61.29	3
61.3	3
61.31	3
61.32	3
61.33	3
61.34	3
61.35	3
61.36	3
61.37	3
61.38	3
61.39	3
61.4	3
61.41	3
61.42	3
61.43	3
61.44	3
61.45	3
61.46	3
61.47	3
61.48	3
61.49	3
61.5	3
61.51	3
61.52	3
61.53	3
61.54	3
61.55	3
61.56	3
61.57	3
61.58	3
61.59	3
61.6	3
61.61	3
61.62	3
61.63	3
61.64	3
61.65	3
61.66	3
61.67	3
61.68	3
61.69	3
61.7	3
61.71	3
61.72	3
61.73	3
61.74	3
61.75	3
61.76	3
61.77	3
61.78	3
61.79	3
61.8	3
61.81	3
61.82	3
61.83	3
61.84	3
61.85	3
61.86	3
61.87	3
61.88	3
61.89	3
61.9	3
61.91	3
61.92	3
61.93	3
61.94	3
61.95	3
61.96	3
61.97	3
61.98	3
61.99	3
62	3
62.01	3
62.02	3
62.03	3
62.04	3
62.05	3
62.06	3
62.07	3
62.08	3
62.09	3
62.1	3
62.11	3
62.12	3
62.13	3
62.14	3
62.15	3
62.16	3
62.17	3
62.18	3
62.19	3
62.2	3
62.21	3
62.22	3
62.23	3
62.24	3
62.25	3
62.26	3
62.27	3
62.28	3
62.29	3
62.3	3
62.31	3
62.32	3
62.33	3
62.34	3
62.35	3
62.36	3
62.37	3
62.38	3
62.39	3
62.4	3
62.41	3
62.42	3
62.43	3
62.44	3
62.45	3
62.46	3
62.47	3
62.48	3
62.49	3
62.5	3
62.51	3
62.52	3
62.53	3
62.54	3
62.55	3
62.56	3
62.57	3
62.58	3
62.59	3
62.6	3
62.61	3
62.62	3
62.63	3
62.64	3
62.65	3
62.66	3
62.67	3
62.68	3
62.69	3
62.7	3
62.71	3
62.72	3
62.73	3
62.74	3
62.75	3
62.76	3
62.77	3
62.78	3
62.79	3
62.8	3
62.81	3
62.82	3
62.83	3
62.84	3
62.85	3
62.86	3
62.87	3
62.88	3
62.89	3
62.9	3
62.91	3
62.92	3
62.93	3
62.94	3
62.95	3
62.96	3
62.97	3
62.98	3
62.99	3
63	3
63.01	3
63.02	3
63.03	3
63.04	3
63.05	3
63.06	3
63.07	3
63.08	3
63.09	3
63.1	3
63.11	3
63.12	3
63.13	3
63.14	3
63.15	3
63.16	3
63.17	3
63.18	3
63.19	3
63.2	3
63.21	3
63.22	3
63.23	3
63.24	3
63.25	3
63.26	3
63.27	3
63.28	3
63.29	3
63.3	3
63.31	3
63.32	3
63.33	3
63.34	3
63.35	3
63.36	3
63.37	3
63.38	3
63.39	3
63.4	3
63.41	3
63.42	3
63.43	3
63.44	3
63.45	3
63.46	3
63.47	3
63.48	3
63.49	3
63.5	3
63.51	3
63.52	3
63.53	3
63.54	3
63.55	3
63.56	3
63.57	3
63.58	3
63.59	3
63.6	3
63.61	3
63.62	3
63.63	3
63.64	3
63.65	3
63.66	3
63.67	3
63.68	3
63.69	3
63.7	3
63.71	3
63.72	3
63.73	3
63.74	3
63.75	3
63.76	3
63.77	3
63.78	3
63.79	3
63.8	3
63.81	3
63.82	3
63.83	3
63.84	3
63.85	3
63.86	3
63.87	3
63.88	3
63.89	3
63.9	3
63.91	3
63.92	3
63.93	3
63.94	3
63.95	3
63.96	3
63.97	3
63.98	3
63.99	3
64	3
