	0.00119904
0.00119904	0.00143747
0.00263651	0.00172696
0.00436346	0.00207379
0.00643726	0.00249274
0.00893	0.00299433
0.0119243	0.00403784
0.0159622	0.00403784
0.02	0.00484848
0.0248485	0.00505051
0.029899	0.00505051
0.0349495	0.00505051
0.04	0.00605263
0.0460526	0.00697368
0.0530263	0.00697368
0.06	0.01
0.07	0.01
0.08	0.01
0.09	0.01
0.1	0.01
0.11	0.01
0.12	0.01
0.13	0.01
0.14	0.01
0.15	0.01
0.16	0.01
0.17	0.01
0.18	0.01
0.19	0.01
0.2	0.01
0.21	0.01
0.22	0.01
0.23	0.01
0.24	0.01
0.25	0.01
0.26	0.01
0.27	0.01
0.28	0.01
0.29	0.01
0.3	0.01
0.31	0.01
0.32	0.01
0.33	0.01
0.34	0.01
0.35	0.01
0.36	0.01
0.37	0.01
0.38	0.01
0.39	0.01
0.4	0.01
0.41	0.01
0.42	0.01
0.43	0.01
0.44	0.01
0.45	0.01
0.46	0.01
0.47	0.01
0.48	0.01
0.49	0.01
0.5	0.01
0.51	0.01
0.52	0.01
0.53	0.01
0.54	0.01
0.55	0.01
0.56	0.01
0.57	0.01
0.58	0.01
0.59	0.01
0.6	0.01
0.61	0.01
0.62	0.01
0.63	0.01
0.64	0.01
0.65	0.01
0.66	0.01
0.67	0.01
0.68	0.01
0.69	0.01
0.7	0.01
0.71	0.01
0.72	0.01
0.73	0.01
0.74	0.01
0.75	0.01
0.76	0.01
0.77	0.01
0.78	0.01
0.79	0.01
0.8	0.01
0.81	0.01
0.82	0.01
0.83	0.01
0.84	0.01
0.85	0.01
0.86	0.01
0.87	0.01
0.88	0.01
0.89	0.01
0.9	0.01
0.91	0.01
0.92	0.01
0.93	0.01
0.94	0.01
0.95	0.01
0.96	0.01
0.97	0.01
0.98	0.01
0.99	0.01
1	0.01
1.01	0.01
1.02	0.01
1.03	0.01
1.04	0.01
1.05	0.01
1.06	0.01
1.07	0.01
1.08	0.01
1.09	0.01
1.1	0.01
1.11	0.01
1.12	0.01
1.13	0.01
1.14	0.01
1.15	0.01
1.16	0.01
1.17	0.01
1.18	0.01
1.19	0.01
1.2	0.01
1.21	0.01
1.22	0.01
1.23	0.01
1.24	0.01
1.25	0.01
1.26	0.01
1.27	0.01
1.28	0.01
1.29	0.01
1.3	0.01
1.31	0.01
1.32	0.01
1.33	0.01
1.34	0.01
1.35	0.01
1.36	0.01
1.37	0.01
1.38	0.01
1.39	0.01
1.4	0.01
1.41	0.01
1.42	0.01
1.43	0.01
1.44	0.01
1.45	0.01
1.46	0.01
1.47	0.01
1.48	0.01
1.49	0.01
1.5	0.01
1.51	0.01
1.52	0.01
1.53	0.01
1.54	0.01
1.55	0.01
1.56	0.01
1.57	0.01
1.58	0.01
1.59	0.01
1.6	0.01
1.61	0.01
1.62	0.01
1.63	0.01
1.64	0.01
1.65	0.01
1.66	0.01
1.67	0.01
1.68	0.01
1.69	0.01
1.7	0.01
1.71	0.01
1.72	0.01
1.73	0.01
1.74	0.01
1.75	0.01
1.76	0.01
1.77	0.01
1.78	0.01
1.79	0.01
1.8	0.01
1.81	0.01
1.82	0.01
1.83	0.01
1.84	0.01
1.85	0.01
1.86	0.01
1.87	0.01
1.88	0.01
1.89	0.01
1.9	0.01
1.91	0.01
1.92	0.01
1.93	0.01
1.94	0.01
1.95	0.01
1.96	0.01
1.97	0.01
1.98	0.01
1.99	0.01
2	0.01
2.01	0.01
2.02	0.01
2.03	0.01
2.04	0.01
2.05	0.01
2.06	0.01
2.07	0.01
2.08	0.01
2.09	0.01
2.1	0.01
2.11	0.01
2.12	0.01
2.13	0.01
2.14	0.01
2.15	0.01
2.16	0.01
2.17	0.01
2.18	0.01
2.19	0.01
2.2	0.01
2.21	0.01
2.22	0.01
2.23	0.01
2.24	0.01
2.25	0.01
2.26	0.01
2.27	0.01
2.28	0.01
2.29	0.01
2.3	0.01
2.31	0.01
2.32	0.01
2.33	0.01
2.34	0.01
2.35	0.01
2.36	0.01
2.37	0.01
2.38	0.01
2.39	0.01
2.4	0.01
2.41	0.01
2.42	0.01
2.43	0.01
2.44	0.01
2.45	0.01
2.46	0.01
2.47	0.01
2.48	0.01
2.49	0.01
2.5	0.01
2.51	0.01
2.52	0.01
2.53	0.01
2.54	0.01
2.55	0.01
2.56	0.01
2.57	0.01
2.58	0.01
2.59	0.01
2.6	0.01
2.61	0.01
2.62	0.01
2.63	0.01
2.64	0.01
2.65	0.01
2.66	0.01
2.67	0.01
2.68	0.01
2.69	0.01
2.7	0.01
2.71	0.01
2.72	0.01
2.73	0.01
2.74	0.01
2.75	0.01
2.76	0.01
2.77	0.01
2.78	0.01
2.79	0.01
2.8	0.01
2.81	0.01
2.82	0.01
2.83	0.01
2.84	0.01
2.85	0.01
2.86	0.01
2.87	0.01
2.88	0.01
2.89	0.01
2.9	0.01
2.91	0.01
2.92	0.01
2.93	0.01
2.94	0.01
2.95	0.01
2.96	0.01
2.97	0.01
2.98	0.01
2.99	0.01
3	0.01
3.01	0.01
3.02	0.01
3.03	0.01
3.04	0.01
3.05	0.01
3.06	0.01
3.07	0.01
3.08	0.01
3.09	0.01
3.1	0.01
3.11	0.01
3.12	0.01
3.13	0.01
3.14	0.01
3.15	0.01
3.16	0.01
3.17	0.01
3.18	0.01
3.19	0.01
3.2	0.01
3.21	0.01
3.22	0.01
3.23	0.01
3.24	0.01
3.25	0.01
3.26	0.01
3.27	0.01
3.28	0.01
3.29	0.01
3.3	0.01
3.31	0.01
3.32	0.01
3.33	0.01
3.34	0.01
3.35	0.01
3.36	0.01
3.37	0.01
3.38	0.01
3.39	0.01
3.4	0.01
3.41	0.01
3.42	0.01
3.43	0.01
3.44	0.01
3.45	0.01
3.46	0.01
3.47	0.01
3.48	0.01
3.49	0.01
3.5	0.01
3.51	0.01
3.52	0.01
3.53	0.01
3.54	0.01
3.55	0.01
3.56	0.01
3.57	0.01
3.58	0.01
3.59	0.01
3.6	0.01
3.61	0.01
3.62	0.01
3.63	0.01
3.64	0.01
3.65	0.01
3.66	0.01
3.67	0.01
3.68	0.01
3.69	0.01
3.7	0.01
3.71	0.01
3.72	0.01
3.73	0.01
3.74	0.01
3.75	0.01
3.76	0.01
3.77	0.01
3.78	0.01
3.79	0.01
3.8	0.01
3.81	0.01
3.82	0.01
3.83	0.01
3.84	0.01
3.85	0.01
3.86	0.01
3.87	0.01
3.88	0.01
3.89	0.01
3.9	0.01
3.91	0.01
3.92	0.01
3.93	0.01
3.94	0.01
3.95	0.01
3.96	0.01
3.97	0.01
3.98	0.01
3.99	0.01
4	0.01
4.01	0.01
4.02	0.01
4.03	0.01
4.04	0.01
4.05	0.01
4.06	0.01
4.07	0.01
4.08	0.01
4.09	0.01
4.1	0.01
4.11	0.01
4.12	0.01
4.13	0.01
4.14	0.01
4.15	0.01
4.16	0.01
4.17	0.01
4.18	0.01
4.19	0.01
4.2	0.01
4.21	0.01
4.22	0.01
4.23	0.01
4.24	0.01
4.25	0.01
4.26	0.01
4.27	0.01
4.28	0.01
4.29	0.01
4.3	0.01
4.31	0.01
4.32	0.01
4.33	0.01
4.34	0.01
4.35	0.01
4.36	0.01
4.37	0.01
4.38	0.01
4.39	0.01
4.4	0.01
4.41	0.01
4.42	0.01
4.43	0.01
4.44	0.01
4.45	0.01
4.46	0.01
4.47	0.01
4.48	0.01
4.49	0.01
4.5	0.01
4.51	0.01
4.52	0.01
4.53	0.01
4.54	0.01
4.55	0.01
4.56	0.01
4.57	0.01
4.58	0.01
4.59	0.01
4.6	0.01
4.61	0.01
4.62	0.01
4.63	0.01
4.64	0.01
4.65	0.01
4.66	0.01
4.67	0.01
4.68	0.01
4.69	0.01
4.7	0.01
4.71	0.01
4.72	0.01
4.73	0.01
4.74	0.01
4.75	0.01
4.76	0.01
4.77	0.01
4.78	0.01
4.79	0.01
4.8	0.01
4.81	0.01
4.82	0.01
4.83	0.01
4.84	0.01
4.85	0.01
4.86	0.01
4.87	0.01
4.88	0.01
4.89	0.01
4.9	0.01
4.91	0.01
4.92	0.01
4.93	0.01
4.94	0.01
4.95	0.01
4.96	0.01
4.97	0.01
4.98	0.01
4.99	0.01
5	0.01
5.01	0.01
5.02	0.01
5.03	0.01
5.04	0.01
5.05	0.01
5.06	0.01
5.07	0.01
5.08	0.01
5.09	0.01
5.1	0.01
5.11	0.01
5.12	0.01
5.13	0.01
5.14	0.01
5.15	0.01
5.16	0.01
5.17	0.01
5.18	0.01
5.19	0.01
5.2	0.01
5.21	0.01
5.22	0.01
5.23	0.01
5.24	0.01
5.25	0.01
5.26	0.01
5.27	0.01
5.28	0.01
5.29	0.01
5.3	0.01
5.31	0.01
5.32	0.01
5.33	0.01
5.34	0.01
5.35	0.01
5.36	0.01
5.37	0.01
5.38	0.01
5.39	0.01
5.4	0.01
5.41	0.01
5.42	0.01
5.43	0.01
5.44	0.01
5.45	0.01
5.46	0.01
5.47	0.01
5.48	0.01
5.49	0.01
5.5	0.01
5.51	0.01
5.52	0.01
5.53	0.01
5.54	0.01
5.55	0.01
5.56	0.01
5.57	0.01
5.58	0.01
5.59	0.01
5.6	0.01
5.61	0.01
5.62	0.01
5.63	0.01
5.64	0.01
5.65	0.01
5.66	0.01
5.67	0.01
5.68	0.01
5.69	0.01
5.7	0.01
5.71	0.01
5.72	0.01
5.73	0.01
5.74	0.01
5.75	0.01
5.76	0.01
5.77	0.01
5.78	0.01
5.79	0.01
5.8	0.01
5.81	0.01
5.82	0.01
5.83	0.01
5.84	0.01
5.85	0.01
5.86	0.01
5.87	0.01
5.88	0.01
5.89	0.01
5.9	0.01
5.91	0.01
5.92	0.01
5.93	0.01
5.94	0.01
5.95	0.01
5.96	0.01
5.97	0.01
5.98	0.01
5.99	0.01
6	0.01
6.01	0.01
6.02	0.01
6.03	0.01
6.04	0.01
6.05	0.01
6.06	0.01
6.07	0.01
6.08	0.01
6.09	0.01
6.1	0.01
6.11	0.01
6.12	0.01
6.13	0.01
6.14	0.01
6.15	0.01
6.16	0.01
6.17	0.01
6.18	0.01
6.19	0.01
6.2	0.01
6.21	0.01
6.22	0.01
6.23	0.01
6.24	0.01
6.25	0.01
6.26	0.01
6.27	0.01
6.28	0.01
6.29	0.01
6.3	0.01
6.31	0.01
6.32	0.01
6.33	0.01
6.34	0.01
6.35	0.01
6.36	0.01
6.37	0.01
6.38	0.01
6.39	0.01
6.4	0.01
6.41	0.01
6.42	0.01
6.43	0.01
6.44	0.01
6.45	0.01
6.46	0.01
6.47	0.01
6.48	0.01
6.49	0.01
6.5	0.01
6.51	0.01
6.52	0.01
6.53	0.01
6.54	0.01
6.55	0.01
6.56	0.01
6.57	0.01
6.58	0.01
6.59	0.01
6.6	0.01
6.61	0.01
6.62	0.01
6.63	0.01
6.64	0.01
6.65	0.01
6.66	0.01
6.67	0.01
6.68	0.01
6.69	0.01
6.7	0.01
6.71	0.01
6.72	0.01
6.73	0.01
6.74	0.01
6.75	0.01
6.76	0.01
6.77	0.01
6.78	0.01
6.79	0.01
6.8	0.01
6.81	0.01
6.82	0.01
6.83	0.01
6.84	0.01
6.85	0.01
6.86	0.01
6.87	0.01
6.88	0.01
6.89	0.01
6.9	0.01
6.91	0.01
6.92	0.01
6.93	0.01
6.94	0.01
6.95	0.01
6.96	0.01
6.97	0.01
6.98	0.01
6.99	0.01
7	0.01
7.01	0.01
7.02	0.01
7.03	0.01
7.04	0.01
7.05	0.01
7.06	0.01
7.07	0.01
7.08	0.01
7.09	0.01
7.1	0.01
7.11	0.01
7.12	0.01
7.13	0.01
7.14	0.01
7.15	0.01
7.16	0.01
7.17	0.01
7.18	0.01
7.19	0.01
7.2	0.01
7.21	0.01
7.22	0.01
7.23	0.01
7.24	0.01
7.25	0.01
7.26	0.01
7.27	0.01
7.28	0.01
7.29	0.01
7.3	0.01
7.31	0.01
7.32	0.01
7.33	0.01
7.34	0.01
7.35	0.01
7.36	0.01
7.37	0.01
7.38	0.01
7.39	0.01
7.4	0.01
7.41	0.01
7.42	0.01
7.43	0.01
7.44	0.01
7.45	0.01
7.46	0.01
7.47	0.01
7.48	0.01
7.49	0.01
7.5	0.01
7.51	0.01
7.52	0.01
7.53	0.01
7.54	0.01
7.55	0.01
7.56	0.01
7.57	0.01
7.58	0.01
7.59	0.01
7.6	0.01
7.61	0.01
7.62	0.01
7.63	0.01
7.64	0.01
7.65	0.01
7.66	0.01
7.67	0.01
7.68	0.01
7.69	0.01
7.7	0.01
7.71	0.01
7.72	0.01
7.73	0.01
7.74	0.01
7.75	0.01
7.76	0.01
7.77	0.01
7.78	0.01
7.79	0.01
7.8	0.01
7.81	0.01
7.82	0.01
7.83	0.01
7.84	0.01
7.85	0.01
7.86	0.01
7.87	0.01
7.88	0.01
7.89	0.01
7.9	0.01
7.91	0.01
7.92	0.01
7.93	0.01
7.94	0.01
7.95	0.01
7.96	0.01
7.97	0.01
7.98	0.01
7.99	0.01
8	0.01
8.01	0.01
8.02	0.01
8.03	0.01
8.04	0.01
8.05	0.01
8.06	0.01
8.07	0.01
8.08	0.01
8.09	0.01
8.1	0.01
8.11	0.01
8.12	0.01
8.13	0.01
8.14	0.01
8.15	0.01
8.16	0.01
8.17	0.01
8.18	0.01
8.19	0.01
8.2	0.01
8.21	0.01
8.22	0.01
8.23	0.01
8.24	0.01
8.25	0.01
8.26	0.01
8.27	0.01
8.28	0.01
8.29	0.01
8.3	0.01
8.31	0.01
8.32	0.01
8.33	0.01
8.34	0.01
8.35	0.01
8.36	0.01
8.37	0.01
8.38	0.01
8.39	0.01
8.4	0.01
8.41	0.01
8.42	0.01
8.43	0.01
8.44	0.01
8.45	0.01
8.46	0.01
8.47	0.01
8.48	0.01
8.49	0.01
8.5	0.01
8.51	0.01
8.52	0.01
8.53	0.01
8.54	0.01
8.55	0.01
8.56	0.01
8.57	0.01
8.58	0.01
8.59	0.01
8.6	0.01
8.61	0.01
8.62	0.01
8.63	0.01
8.64	0.01
8.65	0.01
8.66	0.01
8.67	0.01
8.68	0.01
8.69	0.01
8.7	0.01
8.71	0.01
8.72	0.01
8.73	0.01
8.74	0.01
8.75	0.01
8.76	0.01
8.77	0.01
8.78	0.01
8.79	0.01
8.8	0.01
8.81	0.01
8.82	0.01
8.83	0.01
8.84	0.01
8.85	0.01
8.86	0.01
8.87	0.01
8.88	0.01
8.89	0.01
8.9	0.01
8.91	0.01
8.92	0.01
8.93	0.01
8.94	0.01
8.95	0.01
8.96	0.01
8.97	0.01
8.98	0.01
8.99	0.01
9	0.01
9.01	0.01
9.02	0.01
9.03	0.01
9.04	0.01
9.05	0.01
9.06	0.01
9.07	0.01
9.08	0.01
9.09	0.01
9.1	0.01
9.11	0.01
9.12	0.01
9.13	0.01
9.14	0.01
9.15	0.01
9.16	0.01
9.17	0.01
9.18	0.01
9.19	0.01
9.2	0.01
9.21	0.01
9.22	0.01
9.23	0.01
9.24	0.01
9.25	0.01
9.26	0.01
9.27	0.01
9.28	0.01
9.29	0.01
9.3	0.01
9.31	0.01
9.32	0.01
9.33	0.01
9.34	0.01
9.35	0.01
9.36	0.01
9.37	0.01
9.38	0.01
9.39	0.01
9.4	0.01
9.41	0.01
9.42	0.01
9.43	0.01
9.44	0.01
9.45	0.01
9.46	0.01
9.47	0.01
9.48	0.01
9.49	0.01
9.5	0.01
9.51	0.01
9.52	0.01
9.53	0.01
9.54	0.01
9.55	0.01
9.56	0.01
9.57	0.01
9.58	0.01
9.59	0.01
9.6	0.01
9.61	0.01
9.62	0.01
9.63	0.01
9.64	0.01
9.65	0.01
9.66	0.01
9.67	0.01
9.68	0.01
9.69	0.01
9.7	0.01
9.71	0.01
9.72	0.01
9.73	0.01
9.74	0.01
9.75	0.01
9.76	0.01
9.77	0.01
9.78	0.01
9.79	0.01
9.8	0.01
9.81	0.01
9.82	0.01
9.83	0.01
9.84	0.01
9.85	0.01
9.86	0.01
9.87	0.01
9.88	0.01
9.89	0.01
9.9	0.01
9.91	0.01
9.92	0.01
9.93	0.01
9.94	0.01
9.95	0.01
9.96	0.01
9.97	0.01
9.98	0.01
9.99	0.01
10	0.01
10.01	0.01
10.02	0.01
10.03	0.01
10.04	0.01
10.05	0.01
10.06	0.01
10.07	0.01
10.08	0.01
10.09	0.01
10.1	0.01
10.11	0.01
10.12	0.01
10.13	0.01
10.14	0.01
10.15	0.01
10.16	0.01
10.17	0.01
10.18	0.01
10.19	0.01
10.2	0.01
10.21	0.01
10.22	0.01
10.23	0.01
10.24	0.01
10.25	0.01
10.26	0.01
10.27	0.01
10.28	0.01
10.29	0.01
10.3	0.01
10.31	0.01
10.32	0.01
10.33	0.01
10.34	0.01
10.35	0.01
10.36	0.01
10.37	0.01
10.38	0.01
10.39	0.01
10.4	0.01
10.41	0.01
10.42	0.01
10.43	0.01
10.44	0.01
10.45	0.01
10.46	0.01
10.47	0.01
10.48	0.01
10.49	0.01
10.5	0.01
10.51	0.01
10.52	0.01
10.53	0.01
10.54	0.01
10.55	0.01
10.56	0.01
10.57	0.01
10.58	0.01
10.59	0.01
10.6	0.01
10.61	0.01
10.62	0.01
10.63	0.01
10.64	0.01
10.65	0.01
10.66	0.01
10.67	0.01
10.68	0.01
10.69	0.01
10.7	0.01
10.71	0.01
10.72	0.01
10.73	0.01
10.74	0.01
10.75	0.01
10.76	0.01
10.77	0.01
10.78	0.01
10.79	0.01
10.8	0.01
10.81	0.01
10.82	0.01
10.83	0.01
10.84	0.01
10.85	0.01
10.86	0.01
10.87	0.01
10.88	0.01
10.89	0.01
10.9	0.01
10.91	0.01
10.92	0.01
10.93	0.01
10.94	0.01
10.95	0.01
10.96	0.01
10.97	0.01
10.98	0.01
10.99	0.01
11	0.01
11.01	0.01
11.02	0.01
11.03	0.01
11.04	0.01
11.05	0.01
11.06	0.01
11.07	0.01
11.08	0.01
11.09	0.01
11.1	0.01
11.11	0.01
11.12	0.01
11.13	0.01
11.14	0.01
11.15	0.01
11.16	0.01
11.17	0.01
11.18	0.01
11.19	0.01
11.2	0.01
11.21	0.01
11.22	0.01
11.23	0.01
11.24	0.01
11.25	0.01
11.26	0.01
11.27	0.01
11.28	0.01
11.29	0.01
11.3	0.01
11.31	0.01
11.32	0.01
11.33	0.01
11.34	0.01
11.35	0.01
11.36	0.01
11.37	0.01
11.38	0.01
11.39	0.01
11.4	0.01
11.41	0.01
11.42	0.01
11.43	0.01
11.44	0.01
11.45	0.01
11.46	0.01
11.47	0.01
11.48	0.01
11.49	0.01
11.5	0.01
11.51	0.01
11.52	0.01
11.53	0.01
11.54	0.01
11.55	0.01
11.56	0.01
11.57	0.01
11.58	0.01
11.59	0.01
11.6	0.01
11.61	0.01
11.62	0.01
11.63	0.01
11.64	0.01
11.65	0.01
11.66	0.01
11.67	0.01
11.68	0.01
11.69	0.01
11.7	0.01
11.71	0.01
11.72	0.01
11.73	0.01
11.74	0.01
11.75	0.01
11.76	0.01
11.77	0.01
11.78	0.01
11.79	0.01
11.8	0.01
11.81	0.01
11.82	0.01
11.83	0.01
11.84	0.01
11.85	0.01
11.86	0.01
11.87	0.01
11.88	0.01
11.89	0.01
11.9	0.01
11.91	0.01
11.92	0.01
11.93	0.01
11.94	0.01
11.95	0.01
11.96	0.01
11.97	0.01
11.98	0.01
11.99	0.01
12	0.01
12.01	0.01
12.02	0.01
12.03	0.01
12.04	0.01
12.05	0.01
12.06	0.01
12.07	0.01
12.08	0.01
12.09	0.01
12.1	0.01
12.11	0.01
12.12	0.01
12.13	0.01
12.14	0.01
12.15	0.01
12.16	0.01
12.17	0.01
12.18	0.01
12.19	0.01
12.2	0.01
12.21	0.01
12.22	0.01
12.23	0.01
12.24	0.01
12.25	0.01
12.26	0.01
12.27	0.01
12.28	0.01
12.29	0.01
12.3	0.01
12.31	0.01
12.32	0.01
12.33	0.01
12.34	0.01
12.35	0.01
12.36	0.01
12.37	0.01
12.38	0.01
12.39	0.01
12.4	0.01
12.41	0.01
12.42	0.01
12.43	0.01
12.44	0.01
12.45	0.01
12.46	0.01
12.47	0.01
12.48	0.01
12.49	0.01
12.5	0.01
12.51	0.01
12.52	0.01
12.53	0.01
12.54	0.01
12.55	0.01
12.56	0.01
12.57	0.01
12.58	0.01
12.59	0.01
12.6	0.01
12.61	0.01
12.62	0.01
12.63	0.01
12.64	0.01
12.65	0.01
12.66	0.01
12.67	0.01
12.68	0.01
12.69	0.01
12.7	0.01
12.71	0.01
12.72	0.01
12.73	0.01
12.74	0.01
12.75	0.01
12.76	0.01
12.77	0.01
12.78	0.01
12.79	0.01
12.8	0.01
12.81	0.01
12.82	0.01
12.83	0.01
12.84	0.01
12.85	0.01
12.86	0.01
12.87	0.01
12.88	0.01
12.89	0.01
12.9	0.01
12.91	0.01
12.92	0.01
12.93	0.01
12.94	0.01
12.95	0.01
12.96	0.01
12.97	0.01
12.98	0.01
12.99	0.01
13	0.01
13.01	0.01
13.02	0.01
13.03	0.01
13.04	0.01
13.05	0.01
13.06	0.01
13.07	0.01
13.08	0.01
13.09	0.01
13.1	0.01
13.11	0.01
13.12	0.01
13.13	0.01
13.14	0.01
13.15	0.01
13.16	0.01
13.17	0.01
13.18	0.01
13.19	0.01
13.2	0.01
13.21	0.01
13.22	0.01
13.23	0.01
13.24	0.01
13.25	0.01
13.26	0.01
13.27	0.01
13.28	0.01
13.29	0.01
13.3	0.01
13.31	0.01
13.32	0.01
13.33	0.01
13.34	0.01
13.35	0.01
13.36	0.01
13.37	0.01
13.38	0.01
13.39	0.01
13.4	0.01
13.41	0.01
13.42	0.01
13.43	0.01
13.44	0.01
13.45	0.01
13.46	0.01
13.47	0.01
13.48	0.01
13.49	0.01
13.5	0.01
13.51	0.01
13.52	0.01
13.53	0.01
13.54	0.01
13.55	0.01
13.56	0.01
13.57	0.01
13.58	0.01
13.59	0.01
13.6	0.01
13.61	0.01
13.62	0.01
13.63	0.01
13.64	0.01
13.65	0.01
13.66	0.01
13.67	0.01
13.68	0.01
13.69	0.01
13.7	0.01
13.71	0.01
13.72	0.01
13.73	0.01
13.74	0.01
13.75	0.01
13.76	0.01
13.77	0.01
13.78	0.01
13.79	0.01
13.8	0.01
13.81	0.01
13.82	0.01
13.83	0.01
13.84	0.01
13.85	0.01
13.86	0.01
13.87	0.01
13.88	0.01
13.89	0.01
13.9	0.01
13.91	0.01
13.92	0.01
13.93	0.01
13.94	0.01
13.95	0.01
13.96	0.01
13.97	0.01
13.98	0.01
13.99	0.01
14	0.01
14.01	0.01
14.02	0.01
14.03	0.01
14.04	0.01
14.05	0.01
14.06	0.01
14.07	0.01
14.08	0.01
14.09	0.01
14.1	0.01
14.11	0.01
14.12	0.01
14.13	0.01
14.14	0.01
14.15	0.01
14.16	0.01
14.17	0.01
14.18	0.01
14.19	0.01
14.2	0.01
14.21	0.01
14.22	0.01
14.23	0.01
14.24	0.01
14.25	0.01
14.26	0.01
14.27	0.01
14.28	0.01
14.29	0.01
14.3	0.01
14.31	0.01
14.32	0.01
14.33	0.01
14.34	0.01
14.35	0.01
14.36	0.01
14.37	0.01
14.38	0.01
14.39	0.01
14.4	0.01
14.41	0.01
14.42	0.01
14.43	0.01
14.44	0.01
14.45	0.01
14.46	0.01
14.47	0.01
14.48	0.01
14.49	0.01
14.5	0.01
14.51	0.01
14.52	0.01
14.53	0.01
14.54	0.01
14.55	0.01
14.56	0.01
14.57	0.01
14.58	0.01
14.59	0.01
14.6	0.01
14.61	0.01
14.62	0.01
14.63	0.01
14.64	0.01
14.65	0.01
14.66	0.01
14.67	0.01
14.68	0.01
14.69	0.01
14.7	0.01
14.71	0.01
14.72	0.01
14.73	0.01
14.74	0.01
14.75	0.01
14.76	0.01
14.77	0.01
14.78	0.01
14.79	0.01
14.8	0.01
14.81	0.01
14.82	0.01
14.83	0.01
14.84	0.01
14.85	0.01
14.86	0.01
14.87	0.01
14.88	0.01
14.89	0.01
14.9	0.01
14.91	0.01
14.92	0.01
14.93	0.01
14.94	0.01
14.95	0.01
14.96	0.01
14.97	0.01
14.98	0.01
14.99	0.01
15	0.01
15.01	0.01
15.02	0.01
15.03	0.01
15.04	0.01
15.05	0.01
15.06	0.01
15.07	0.01
15.08	0.01
15.09	0.01
15.1	0.01
15.11	0.01
15.12	0.01
15.13	0.01
15.14	0.01
15.15	0.01
15.16	0.01
15.17	0.01
15.18	0.01
15.19	0.01
15.2	0.01
15.21	0.01
15.22	0.01
15.23	0.01
15.24	0.01
15.25	0.01
15.26	0.01
15.27	0.01
15.28	0.01
15.29	0.01
15.3	0.01
15.31	0.01
15.32	0.01
15.33	0.01
15.34	0.01
15.35	0.01
15.36	0.01
15.37	0.01
15.38	0.01
15.39	0.01
15.4	0.01
15.41	0.01
15.42	0.01
15.43	0.01
15.44	0.01
15.45	0.01
15.46	0.01
15.47	0.01
15.48	0.01
15.49	0.01
15.5	0.01
15.51	0.01
15.52	0.01
15.53	0.01
15.54	0.01
15.55	0.01
15.56	0.01
15.57	0.01
15.58	0.01
15.59	0.01
15.6	0.01
15.61	0.01
15.62	0.01
15.63	0.01
15.64	0.01
15.65	0.01
15.66	0.01
15.67	0.01
15.68	0.01
15.69	0.01
15.7	0.01
15.71	0.01
15.72	0.01
15.73	0.01
15.74	0.01
15.75	0.01
15.76	0.01
15.77	0.01
15.78	0.01
15.79	0.01
15.8	0.01
15.81	0.01
15.82	0.01
15.83	0.01
15.84	0.01
15.85	0.01
15.86	0.01
15.87	0.01
15.88	0.01
15.89	0.01
15.9	0.01
15.91	0.01
15.92	0.01
15.93	0.01
15.94	0.01
15.95	0.01
15.96	0.01
15.97	0.01
15.98	0.01
15.99	0.01
16	0.01
16.01	0.01
16.02	0.01
16.03	0.01
16.04	0.01
16.05	0.01
16.06	0.01
16.07	0.01
16.08	0.01
16.09	0.01
16.1	0.01
16.11	0.01
16.12	0.01
16.13	0.01
16.14	0.01
16.15	0.01
16.16	0.01
16.17	0.01
16.18	0.01
16.19	0.01
16.2	0.01
16.21	0.01
16.22	0.01
16.23	0.01
16.24	0.01
16.25	0.01
16.26	0.01
16.27	0.01
16.28	0.01
16.29	0.01
16.3	0.01
16.31	0.01
16.32	0.01
16.33	0.01
16.34	0.01
16.35	0.01
16.36	0.01
16.37	0.01
16.38	0.01
16.39	0.01
16.4	0.01
16.41	0.01
16.42	0.01
16.43	0.01
16.44	0.01
16.45	0.01
16.46	0.01
16.47	0.01
16.48	0.01
16.49	0.01
16.5	0.01
16.51	0.01
16.52	0.01
16.53	0.01
16.54	0.01
16.55	0.01
16.56	0.01
16.57	0.01
16.58	0.01
16.59	0.01
16.6	0.01
16.61	0.01
16.62	0.01
16.63	0.01
16.64	0.01
16.65	0.01
16.66	0.01
16.67	0.01
16.68	0.01
16.69	0.01
16.7	0.01
16.71	0.01
16.72	0.01
16.73	0.01
16.74	0.01
16.75	0.01
16.76	0.01
16.77	0.01
16.78	0.01
16.79	0.01
16.8	0.01
16.81	0.01
16.82	0.01
16.83	0.01
16.84	0.01
16.85	0.01
16.86	0.01
16.87	0.01
16.88	0.01
16.89	0.01
16.9	0.01
16.91	0.01
16.92	0.01
16.93	0.01
16.94	0.01
16.95	0.01
16.96	0.01
16.97	0.01
16.98	0.01
16.99	0.01
17	0.01
17.01	0.01
17.02	0.01
17.03	0.01
17.04	0.01
17.05	0.01
17.06	0.01
17.07	0.01
17.08	0.01
17.09	0.01
17.1	0.01
17.11	0.01
17.12	0.01
17.13	0.01
17.14	0.01
17.15	0.01
17.16	0.01
17.17	0.01
17.18	0.01
17.19	0.01
17.2	0.01
17.21	0.01
17.22	0.01
17.23	0.01
17.24	0.01
17.25	0.01
17.26	0.01
17.27	0.01
17.28	0.01
17.29	0.01
17.3	0.01
17.31	0.01
17.32	0.01
17.33	0.01
17.34	0.01
17.35	0.01
17.36	0.01
17.37	0.01
17.38	0.01
17.39	0.01
17.4	0.01
17.41	0.01
17.42	0.01
17.43	0.01
17.44	0.01
17.45	0.01
17.46	0.01
17.47	0.01
17.48	0.01
17.49	0.01
17.5	0.01
17.51	0.01
17.52	0.01
17.53	0.01
17.54	0.01
17.55	0.01
17.56	0.01
17.57	0.01
17.58	0.01
17.59	0.01
17.6	0.01
17.61	0.01
17.62	0.01
17.63	0.01
17.64	0.01
17.65	0.01
17.66	0.01
17.67	0.01
17.68	0.01
17.69	0.01
17.7	0.01
17.71	0.01
17.72	0.01
17.73	0.01
17.74	0.01
17.75	0.01
17.76	0.01
17.77	0.01
17.78	0.01
17.79	0.01
17.8	0.01
17.81	0.01
17.82	0.01
17.83	0.01
17.84	0.01
17.85	0.01
17.86	0.01
17.87	0.01
17.88	0.01
17.89	0.01
17.9	0.01
17.91	0.01
17.92	0.01
17.93	0.01
17.94	0.01
17.95	0.01
17.96	0.01
17.97	0.01
17.98	0.01
17.99	0.01
18	0.01
18.01	0.01
18.02	0.01
18.03	0.01
18.04	0.01
18.05	0.01
18.06	0.01
18.07	0.01
18.08	0.01
18.09	0.01
18.1	0.01
18.11	0.01
18.12	0.01
18.13	0.01
18.14	0.01
18.15	0.01
18.16	0.01
18.17	0.01
18.18	0.01
18.19	0.01
18.2	0.01
18.21	0.01
18.22	0.01
18.23	0.01
18.24	0.01
18.25	0.01
18.26	0.01
18.27	0.01
18.28	0.01
18.29	0.01
18.3	0.01
18.31	0.01
18.32	0.01
18.33	0.01
18.34	0.01
18.35	0.01
18.36	0.01
18.37	0.01
18.38	0.01
18.39	0.01
18.4	0.01
18.41	0.01
18.42	0.01
18.43	0.01
18.44	0.01
18.45	0.01
18.46	0.01
18.47	0.01
18.48	0.01
18.49	0.01
18.5	0.01
18.51	0.01
18.52	0.01
18.53	0.01
18.54	0.01
18.55	0.01
18.56	0.01
18.57	0.01
18.58	0.01
18.59	0.01
18.6	0.01
18.61	0.01
18.62	0.01
18.63	0.01
18.64	0.01
18.65	0.01
18.66	0.01
18.67	0.01
18.68	0.01
18.69	0.01
18.7	0.01
18.71	0.01
18.72	0.01
18.73	0.01
18.74	0.01
18.75	0.01
18.76	0.01
18.77	0.01
18.78	0.01
18.79	0.01
18.8	0.01
18.81	0.01
18.82	0.01
18.83	0.01
18.84	0.01
18.85	0.01
18.86	0.01
18.87	0.01
18.88	0.01
18.89	0.01
18.9	0.01
18.91	0.01
18.92	0.01
18.93	0.01
18.94	0.01
18.95	0.01
18.96	0.01
18.97	0.01
18.98	0.01
18.99	0.01
19	0.01
19.01	0.01
19.02	0.01
19.03	0.01
19.04	0.01
19.05	0.01
19.06	0.01
19.07	0.01
19.08	0.01
19.09	0.01
19.1	0.01
19.11	0.01
19.12	0.01
19.13	0.01
19.14	0.01
19.15	0.01
19.16	0.01
19.17	0.01
19.18	0.01
19.19	0.01
19.2	0.01
19.21	0.01
19.22	0.01
19.23	0.01
19.24	0.01
19.25	0.01
19.26	0.01
19.27	0.01
19.28	0.01
19.29	0.01
19.3	0.01
19.31	0.01
19.32	0.01
19.33	0.01
19.34	0.01
19.35	0.01
19.36	0.01
19.37	0.01
19.38	0.01
19.39	0.01
19.4	0.01
19.41	0.01
19.42	0.01
19.43	0.01
19.44	0.01
19.45	0.01
19.46	0.01
19.47	0.01
19.48	0.01
19.49	0.01
19.5	0.01
19.51	0.01
19.52	0.01
19.53	0.01
19.54	0.01
19.55	0.01
19.56	0.01
19.57	0.01
19.58	0.01
19.59	0.01
19.6	0.01
19.61	0.01
19.62	0.01
19.63	0.01
19.64	0.01
19.65	0.01
19.66	0.01
19.67	0.01
19.68	0.01
19.69	0.01
19.7	0.01
19.71	0.01
19.72	0.01
19.73	0.01
19.74	0.01
19.75	0.01
19.76	0.01
19.77	0.01
19.78	0.01
19.79	0.01
19.8	0.01
19.81	0.01
19.82	0.01
19.83	0.01
19.84	0.01
19.85	0.01
19.86	0.01
19.87	0.01
19.88	0.01
19.89	0.01
19.9	0.01
19.91	0.01
19.92	0.01
19.93	0.01
19.94	0.01
19.95	0.01
19.96	0.01
19.97	0.01
19.98	0.01
19.99	0.01
20	0.01
20.01	0.01
20.02	0.01
20.03	0.01
20.04	0.01
20.05	0.01
20.06	0.01
20.07	0.01
20.08	0.01
20.09	0.01
20.1	0.01
20.11	0.01
20.12	0.01
20.13	0.01
20.14	0.01
20.15	0.01
20.16	0.01
20.17	0.01
20.18	0.01
20.19	0.01
20.2	0.01
20.21	0.01
20.22	0.01
20.23	0.01
20.24	0.01
20.25	0.01
20.26	0.01
20.27	0.01
20.28	0.01
20.29	0.01
20.3	0.01
20.31	0.01
20.32	0.01
20.33	0.01
20.34	0.01
20.35	0.01
20.36	0.01
20.37	0.01
20.38	0.01
20.39	0.01
20.4	0.01
20.41	0.01
20.42	0.01
20.43	0.01
20.44	0.01
20.45	0.01
20.46	0.01
20.47	0.01
20.48	0.01
20.49	0.01
20.5	0.01
20.51	0.01
20.52	0.01
20.53	0.01
20.54	0.01
20.55	0.01
20.56	0.01
20.57	0.01
20.58	0.01
20.59	0.01
20.6	0.01
20.61	0.01
20.62	0.01
20.63	0.01
20.64	0.01
20.65	0.01
20.66	0.01
20.67	0.01
20.68	0.01
20.69	0.01
20.7	0.01
20.71	0.01
20.72	0.01
20.73	0.01
20.74	0.01
20.75	0.01
20.76	0.01
20.77	0.01
20.78	0.01
20.79	0.01
20.8	0.01
20.81	0.01
20.82	0.01
20.83	0.01
20.84	0.01
20.85	0.01
20.86	0.01
20.87	0.01
20.88	0.01
20.89	0.01
20.9	0.01
20.91	0.01
20.92	0.01
20.93	0.01
20.94	0.01
20.95	0.01
20.96	0.01
20.97	0.01
20.98	0.01
20.99	0.01
21	0.01
21.01	0.01
21.02	0.01
21.03	0.01
21.04	0.01
21.05	0.01
21.06	0.01
21.07	0.01
21.08	0.01
21.09	0.01
21.1	0.01
21.11	0.01
21.12	0.01
21.13	0.01
21.14	0.01
21.15	0.01
21.16	0.01
21.17	0.01
21.18	0.01
21.19	0.01
21.2	0.01
21.21	0.01
21.22	0.01
21.23	0.01
21.24	0.01
21.25	0.01
21.26	0.01
21.27	0.01
21.28	0.01
21.29	0.01
21.3	0.01
21.31	0.01
21.32	0.01
21.33	0.01
21.34	0.01
21.35	0.01
21.36	0.01
21.37	0.01
21.38	0.01
21.39	0.01
21.4	0.01
21.41	0.01
21.42	0.01
21.43	0.01
21.44	0.01
21.45	0.01
21.46	0.01
21.47	0.01
21.48	0.01
21.49	0.01
21.5	0.01
21.51	0.01
21.52	0.01
21.53	0.01
21.54	0.01
21.55	0.01
21.56	0.01
21.57	0.01
21.58	0.01
21.59	0.01
21.6	0.01
21.61	0.01
21.62	0.01
21.63	0.01
21.64	0.01
21.65	0.01
21.66	0.01
21.67	0.01
21.68	0.01
21.69	0.01
21.7	0.01
21.71	0.01
21.72	0.01
21.73	0.01
21.74	0.01
21.75	0.01
21.76	0.01
21.77	0.01
21.78	0.01
21.79	0.01
21.8	0.01
21.81	0.01
21.82	0.01
21.83	0.01
21.84	0.01
21.85	0.01
21.86	0.01
21.87	0.01
21.88	0.01
21.89	0.01
21.9	0.01
21.91	0.01
21.92	0.01
21.93	0.01
21.94	0.01
21.95	0.01
21.96	0.01
21.97	0.01
21.98	0.01
21.99	0.01
22	0.01
22.01	0.01
22.02	0.01
22.03	0.01
22.04	0.01
22.05	0.01
22.06	0.01
22.07	0.01
22.08	0.01
22.09	0.01
22.1	0.01
22.11	0.01
22.12	0.01
22.13	0.01
22.14	0.01
22.15	0.01
22.16	0.01
22.17	0.01
22.18	0.01
22.19	0.01
22.2	0.01
22.21	0.01
22.22	0.01
22.23	0.01
22.24	0.01
22.25	0.01
22.26	0.01
22.27	0.01
22.28	0.01
22.29	0.01
22.3	0.01
22.31	0.01
22.32	0.01
22.33	0.01
22.34	0.01
22.35	0.01
22.36	0.01
22.37	0.01
22.38	0.01
22.39	0.01
22.4	0.01
22.41	0.01
22.42	0.01
22.43	0.01
22.44	0.01
22.45	0.01
22.46	0.01
22.47	0.01
22.48	0.01
22.49	0.01
22.5	0.01
22.51	0.01
22.52	0.01
22.53	0.01
22.54	0.01
22.55	0.01
22.56	0.01
22.57	0.01
22.58	0.01
22.59	0.01
22.6	0.01
22.61	0.01
22.62	0.01
22.63	0.01
22.64	0.01
22.65	0.01
22.66	0.01
22.67	0.01
22.68	0.01
22.69	0.01
22.7	0.01
22.71	0.01
22.72	0.01
22.73	0.01
22.74	0.01
22.75	0.01
22.76	0.01
22.77	0.01
22.78	0.01
22.79	0.01
22.8	0.01
22.81	0.01
22.82	0.01
22.83	0.01
22.84	0.01
22.85	0.01
22.86	0.01
22.87	0.01
22.88	0.01
22.89	0.01
22.9	0.01
22.91	0.01
22.92	0.01
22.93	0.01
22.94	0.01
22.95	0.01
22.96	0.01
22.97	0.01
22.98	0.01
22.99	0.01
23	0.01
23.01	0.01
23.02	0.01
23.03	0.01
23.04	0.01
23.05	0.01
23.06	0.01
23.07	0.01
23.08	0.01
23.09	0.01
23.1	0.01
23.11	0.01
23.12	0.01
23.13	0.01
23.14	0.01
23.15	0.01
23.16	0.01
23.17	0.01
23.18	0.01
23.19	0.01
23.2	0.01
23.21	0.01
23.22	0.01
23.23	0.01
23.24	0.01
23.25	0.01
23.26	0.01
23.27	0.01
23.28	0.01
23.29	0.01
23.3	0.01
23.31	0.01
23.32	0.01
23.33	0.01
23.34	0.01
23.35	0.01
23.36	0.01
23.37	0.01
23.38	0.01
23.39	0.01
23.4	0.01
23.41	0.01
23.42	0.01
23.43	0.01
23.44	0.01
23.45	0.01
23.46	0.01
23.47	0.01
23.48	0.01
23.49	0.01
23.5	0.01
23.51	0.01
23.52	0.01
23.53	0.01
23.54	0.01
23.55	0.01
23.56	0.01
23.57	0.01
23.58	0.01
23.59	0.01
23.6	0.01
23.61	0.01
23.62	0.01
23.63	0.01
23.64	0.01
23.65	0.01
23.66	0.01
23.67	0.01
23.68	0.01
23.69	0.01
23.7	0.01
23.71	0.01
23.72	0.01
23.73	0.01
23.74	0.01
23.75	0.01
23.76	0.01
23.77	0.01
23.78	0.01
23.79	0.01
23.8	0.01
23.81	0.01
23.82	0.01
23.83	0.01
23.84	0.01
23.85	0.01
23.86	0.01
23.87	0.01
23.88	0.01
23.89	0.01
23.9	0.01
23.91	0.01
23.92	0.01
23.93	0.01
23.94	0.01
23.95	0.01
23.96	0.01
23.97	0.01
23.98	0.01
23.99	0.01
24	0.01
24.01	0.01
24.02	0.01
24.03	0.01
24.04	0.01
24.05	0.01
24.06	0.01
24.07	0.01
24.08	0.01
24.09	0.01
24.1	0.01
24.11	0.01
24.12	0.01
24.13	0.01
24.14	0.01
24.15	0.01
24.16	0.01
24.17	0.01
24.18	0.01
24.19	0.01
24.2	0.01
24.21	0.01
24.22	0.01
24.23	0.01
24.24	0.01
24.25	0.01
24.26	0.01
24.27	0.01
24.28	0.01
24.29	0.01
24.3	0.01
24.31	0.01
24.32	0.01
24.33	0.01
24.34	0.01
24.35	0.01
24.36	0.01
24.37	0.01
24.38	0.01
24.39	0.01
24.4	0.01
24.41	0.01
24.42	0.01
24.43	0.01
24.44	0.01
24.45	0.01
24.46	0.01
24.47	0.01
24.48	0.01
24.49	0.01
24.5	0.01
24.51	0.01
24.52	0.01
24.53	0.01
24.54	0.01
24.55	0.01
24.56	0.01
24.57	0.01
24.58	0.01
24.59	0.01
24.6	0.01
24.61	0.01
24.62	0.01
24.63	0.01
24.64	0.01
24.65	0.01
24.66	0.01
24.67	0.01
24.68	0.01
24.69	0.01
24.7	0.01
24.71	0.01
24.72	0.01
24.73	0.01
24.74	0.01
24.75	0.01
24.76	0.01
24.77	0.01
24.78	0.01
24.79	0.01
24.8	0.01
24.81	0.01
24.82	0.01
24.83	0.01
24.84	0.01
24.85	0.01
24.86	0.01
24.87	0.01
24.88	0.01
24.89	0.01
24.9	0.01
24.91	0.01
24.92	0.01
24.93	0.01
24.94	0.01
24.95	0.01
24.96	0.01
24.97	0.01
24.98	0.01
24.99	0.01
25	0.01
25.01	0.01
25.02	0.01
25.03	0.01
25.04	0.01
25.05	0.01
25.06	0.01
25.07	0.01
25.08	0.01
25.09	0.01
25.1	0.01
25.11	0.01
25.12	0.01
25.13	0.01
25.14	0.01
25.15	0.01
25.16	0.01
25.17	0.01
25.18	0.01
25.19	0.01
25.2	0.01
25.21	0.01
25.22	0.01
25.23	0.01
25.24	0.01
25.25	0.01
25.26	0.01
25.27	0.01
25.28	0.01
25.29	0.01
25.3	0.01
25.31	0.01
25.32	0.01
25.33	0.01
25.34	0.01
25.35	0.01
25.36	0.01
25.37	0.01
25.38	0.01
25.39	0.01
25.4	0.01
25.41	0.01
25.42	0.01
25.43	0.01
25.44	0.01
25.45	0.01
25.46	0.01
25.47	0.01
25.48	0.01
25.49	0.01
25.5	0.01
25.51	0.01
25.52	0.01
25.53	0.01
25.54	0.01
25.55	0.01
25.56	0.01
25.57	0.01
25.58	0.01
25.59	0.01
25.6	0.01
25.61	0.01
25.62	0.01
25.63	0.01
25.64	0.01
25.65	0.01
25.66	0.01
25.67	0.01
25.68	0.01
25.69	0.01
25.7	0.01
25.71	0.01
25.72	0.01
25.73	0.01
25.74	0.01
25.75	0.01
25.76	0.01
25.77	0.01
25.78	0.01
25.79	0.01
25.8	0.01
25.81	0.01
25.82	0.01
25.83	0.01
25.84	0.01
25.85	0.01
25.86	0.01
25.87	0.01
25.88	0.01
25.89	0.01
25.9	0.01
25.91	0.01
25.92	0.01
25.93	0.01
25.94	0.01
25.95	0.01
25.96	0.01
25.97	0.01
25.98	0.01
25.99	0.01
26	0.01
26.01	0.01
26.02	0.01
26.03	0.01
26.04	0.01
26.05	0.01
26.06	0.01
26.07	0.01
26.08	0.01
26.09	0.01
26.1	0.01
26.11	0.01
26.12	0.01
26.13	0.01
26.14	0.01
26.15	0.01
26.16	0.01
26.17	0.01
26.18	0.01
26.19	0.01
26.2	0.01
26.21	0.01
26.22	0.01
26.23	0.01
26.24	0.01
26.25	0.01
26.26	0.01
26.27	0.01
26.28	0.01
26.29	0.01
26.3	0.01
26.31	0.01
26.32	0.01
26.33	0.01
26.34	0.01
26.35	0.01
26.36	0.01
26.37	0.01
26.38	0.01
26.39	0.01
26.4	0.01
26.41	0.01
26.42	0.01
26.43	0.01
26.44	0.01
26.45	0.01
26.46	0.01
26.47	0.01
26.48	0.01
26.49	0.01
26.5	0.01
26.51	0.01
26.52	0.01
26.53	0.01
26.54	0.01
26.55	0.01
26.56	0.01
26.57	0.01
26.58	0.01
26.59	0.01
26.6	0.01
26.61	0.01
26.62	0.01
26.63	0.01
26.64	0.01
26.65	0.01
26.66	0.01
26.67	0.01
26.68	0.01
26.69	0.01
26.7	0.01
26.71	0.01
26.72	0.01
26.73	0.01
26.74	0.01
26.75	0.01
26.76	0.01
26.77	0.01
26.78	0.01
26.79	0.01
26.8	0.01
26.81	0.01
26.82	0.01
26.83	0.01
26.84	0.01
26.85	0.01
26.86	0.01
26.87	0.01
26.88	0.01
26.89	0.01
26.9	0.01
26.91	0.01
26.92	0.01
26.93	0.01
26.94	0.01
26.95	0.01
26.96	0.01
26.97	0.01
26.98	0.01
26.99	0.01
27	0.01
27.01	0.01
27.02	0.01
27.03	0.01
27.04	0.01
27.05	0.01
27.06	0.01
27.07	0.01
27.08	0.01
27.09	0.01
27.1	0.01
27.11	0.01
27.12	0.01
27.13	0.01
27.14	0.01
27.15	0.01
27.16	0.01
27.17	0.01
27.18	0.01
27.19	0.01
27.2	0.01
27.21	0.01
27.22	0.01
27.23	0.01
27.24	0.01
27.25	0.01
27.26	0.01
27.27	0.01
27.28	0.01
27.29	0.01
27.3	0.01
27.31	0.01
27.32	0.01
27.33	0.01
27.34	0.01
27.35	0.01
27.36	0.01
27.37	0.01
27.38	0.01
27.39	0.01
27.4	0.01
27.41	0.01
27.42	0.01
27.43	0.01
27.44	0.01
27.45	0.01
27.46	0.01
27.47	0.01
27.48	0.01
27.49	0.01
27.5	0.01
27.51	0.01
27.52	0.01
27.53	0.01
27.54	0.01
27.55	0.01
27.56	0.01
27.57	0.01
27.58	0.01
27.59	0.01
27.6	0.01
27.61	0.01
27.62	0.01
27.63	0.01
27.64	0.01
27.65	0.01
27.66	0.01
27.67	0.01
27.68	0.01
27.69	0.01
27.7	0.01
27.71	0.01
27.72	0.01
27.73	0.01
27.74	0.01
27.75	0.01
27.76	0.01
27.77	0.01
27.78	0.01
27.79	0.01
27.8	0.01
27.81	0.01
27.82	0.01
27.83	0.01
27.84	0.01
27.85	0.01
27.86	0.01
27.87	0.01
27.88	0.01
27.89	0.01
27.9	0.01
27.91	0.01
27.92	0.01
27.93	0.01
27.94	0.01
27.95	0.01
27.96	0.01
27.97	0.01
27.98	0.01
27.99	0.01
28	0.01
28.01	0.01
28.02	0.01
28.03	0.01
28.04	0.01
28.05	0.01
28.06	0.01
28.07	0.01
28.08	0.01
28.09	0.01
28.1	0.01
28.11	0.01
28.12	0.01
28.13	0.01
28.14	0.01
28.15	0.01
28.16	0.01
28.17	0.01
28.18	0.01
28.19	0.01
28.2	0.01
28.21	0.01
28.22	0.01
28.23	0.01
28.24	0.01
28.25	0.01
28.26	0.01
28.27	0.01
28.28	0.01
28.29	0.01
28.3	0.01
28.31	0.01
28.32	0.01
28.33	0.01
28.34	0.01
28.35	0.01
28.36	0.01
28.37	0.01
28.38	0.01
28.39	0.01
28.4	0.01
28.41	0.01
28.42	0.01
28.43	0.01
28.44	0.01
28.45	0.01
28.46	0.01
28.47	0.01
28.48	0.01
28.49	0.01
28.5	0.01
28.51	0.01
28.52	0.01
28.53	0.01
28.54	0.01
28.55	0.01
28.56	0.01
28.57	0.01
28.58	0.01
28.59	0.01
28.6	0.01
28.61	0.01
28.62	0.01
28.63	0.01
28.64	0.01
28.65	0.01
28.66	0.01
28.67	0.01
28.68	0.01
28.69	0.01
28.7	0.01
28.71	0.01
28.72	0.01
28.73	0.01
28.74	0.01
28.75	0.01
28.76	0.01
28.77	0.01
28.78	0.01
28.79	0.01
28.8	0.01
28.81	0.01
28.82	0.01
28.83	0.01
28.84	0.01
28.85	0.01
28.86	0.01
28.87	0.01
28.88	0.01
28.89	0.01
28.9	0.01
28.91	0.01
28.92	0.01
28.93	0.01
28.94	0.01
28.95	0.01
28.96	0.01
28.97	0.01
28.98	0.01
28.99	0.01
29	0.01
29.01	0.01
29.02	0.01
29.03	0.01
29.04	0.01
29.05	0.01
29.06	0.01
29.07	0.01
29.08	0.01
29.09	0.01
29.1	0.01
29.11	0.01
29.12	0.01
29.13	0.01
29.14	0.01
29.15	0.01
29.16	0.01
29.17	0.01
29.18	0.01
29.19	0.01
29.2	0.01
29.21	0.01
29.22	0.01
29.23	0.01
29.24	0.01
29.25	0.01
29.26	0.01
29.27	0.01
29.28	0.01
29.29	0.01
29.3	0.01
29.31	0.01
29.32	0.01
29.33	0.01
29.34	0.01
29.35	0.01
29.36	0.01
29.37	0.01
29.38	0.01
29.39	0.01
29.4	0.01
29.41	0.01
29.42	0.01
29.43	0.01
29.44	0.01
29.45	0.01
29.46	0.01
29.47	0.01
29.48	0.01
29.49	0.01
29.5	0.01
29.51	0.01
29.52	0.01
29.53	0.01
29.54	0.01
29.55	0.01
29.56	0.01
29.57	0.01
29.58	0.01
29.59	0.01
29.6	0.01
29.61	0.01
29.62	0.01
29.63	0.01
29.64	0.01
29.65	0.01
29.66	0.01
29.67	0.01
29.68	0.01
29.69	0.01
29.7	0.01
29.71	0.01
29.72	0.01
29.73	0.01
29.74	0.01
29.75	0.01
29.76	0.01
29.77	0.01
29.78	0.01
29.79	0.01
29.8	0.01
29.81	0.01
29.82	0.01
29.83	0.01
29.84	0.01
29.85	0.01
29.86	0.01
29.87	0.01
29.88	0.01
29.89	0.01
29.9	0.01
29.91	0.01
29.92	0.01
29.93	0.01
29.94	0.01
29.95	0.01
29.96	0.01
29.97	0.01
29.98	0.01
29.99	0.01
30	0.01
30.01	0.01
30.02	0.01
30.03	0.01
30.04	0.01
30.05	0.01
30.06	0.01
30.07	0.01
30.08	0.01
30.09	0.01
30.1	0.01
30.11	0.01
30.12	0.01
30.13	0.01
30.14	0.01
30.15	0.01
30.16	0.01
30.17	0.01
30.18	0.01
30.19	0.01
30.2	0.01
30.21	0.01
30.22	0.01
30.23	0.01
30.24	0.01
30.25	0.01
30.26	0.01
30.27	0.01
30.28	0.01
30.29	0.01
30.3	0.01
30.31	0.01
30.32	0.01
30.33	0.01
30.34	0.01
30.35	0.01
30.36	0.01
30.37	0.01
30.38	0.01
30.39	0.01
30.4	0.01
30.41	0.01
30.42	0.01
30.43	0.01
30.44	0.01
30.45	0.01
30.46	0.01
30.47	0.01
30.48	0.01
30.49	0.01
30.5	0.01
30.51	0.01
30.52	0.01
30.53	0.01
30.54	0.01
30.55	0.01
30.56	0.01
30.57	0.01
30.58	0.01
30.59	0.01
30.6	0.01
30.61	0.01
30.62	0.01
30.63	0.01
30.64	0.01
30.65	0.01
30.66	0.01
30.67	0.01
30.68	0.01
30.69	0.01
30.7	0.01
30.71	0.01
30.72	0.01
30.73	0.01
30.74	0.01
30.75	0.01
30.76	0.01
30.77	0.01
30.78	0.01
30.79	0.01
30.8	0.01
30.81	0.01
30.82	0.01
30.83	0.01
30.84	0.01
30.85	0.01
30.86	0.01
30.87	0.01
30.88	0.01
30.89	0.01
30.9	0.01
30.91	0.01
30.92	0.01
30.93	0.01
30.94	0.01
30.95	0.01
30.96	0.01
30.97	0.01
30.98	0.01
30.99	0.01
31	0.01
31.01	0.01
31.02	0.01
31.03	0.01
31.04	0.01
31.05	0.01
31.06	0.01
31.07	0.01
31.08	0.01
31.09	0.01
31.1	0.01
31.11	0.01
31.12	0.01
31.13	0.01
31.14	0.01
31.15	0.01
31.16	0.01
31.17	0.01
31.18	0.01
31.19	0.01
31.2	0.01
31.21	0.01
31.22	0.01
31.23	0.01
31.24	0.01
31.25	0.01
31.26	0.01
31.27	0.01
31.28	0.01
31.29	0.01
31.3	0.01
31.31	0.01
31.32	0.01
31.33	0.01
31.34	0.01
31.35	0.01
31.36	0.01
31.37	0.01
31.38	0.01
31.39	0.01
31.4	0.01
31.41	0.01
31.42	0.01
31.43	0.01
31.44	0.01
31.45	0.01
31.46	0.01
31.47	0.01
31.48	0.01
31.49	0.01
31.5	0.01
31.51	0.01
31.52	0.01
31.53	0.01
31.54	0.01
31.55	0.01
31.56	0.01
31.57	0.01
31.58	0.01
31.59	0.01
31.6	0.01
31.61	0.01
31.62	0.01
31.63	0.01
31.64	0.01
31.65	0.01
31.66	0.01
31.67	0.01
31.68	0.01
31.69	0.01
31.7	0.01
31.71	0.01
31.72	0.01
31.73	0.01
31.74	0.01
31.75	0.01
31.76	0.01
31.77	0.01
31.78	0.01
31.79	0.01
31.8	0.01
31.81	0.01
31.82	0.01
31.83	0.01
31.84	0.01
31.85	0.01
31.86	0.01
31.87	0.01
31.88	0.01
31.89	0.01
31.9	0.01
31.91	0.01
31.92	0.01
31.93	0.01
31.94	0.01
31.95	0.01
31.96	0.01
31.97	0.01
31.98	0.01
31.99	0.01
32	0.01
32.01	0.01
32.02	0.01
32.03	0.01
32.04	0.01
32.05	0.01
32.06	0.01
32.07	0.01
32.08	0.01
32.09	0.01
32.1	0.01
32.11	0.01
32.12	0.01
32.13	0.01
32.14	0.01
32.15	0.01
32.16	0.01
32.17	0.01
32.18	0.01
32.19	0.01
32.2	0.01
32.21	0.01
32.22	0.01
32.23	0.01
32.24	0.01
32.25	0.01
32.26	0.01
32.27	0.01
32.28	0.01
32.29	0.01
32.3	0.01
32.31	0.01
32.32	0.01
32.33	0.01
32.34	0.01
32.35	0.01
32.36	0.01
32.37	0.01
32.38	0.01
32.39	0.01
32.4	0.01
32.41	0.01
32.42	0.01
32.43	0.01
32.44	0.01
32.45	0.01
32.46	0.01
32.47	0.01
32.48	0.01
32.49	0.01
32.5	0.01
32.51	0.01
32.52	0.01
32.53	0.01
32.54	0.01
32.55	0.01
32.56	0.01
32.57	0.01
32.58	0.01
32.59	0.01
32.6	0.01
32.61	0.01
32.62	0.01
32.63	0.01
32.64	0.01
32.65	0.01
32.66	0.01
32.67	0.01
32.68	0.01
32.69	0.01
32.7	0.01
32.71	0.01
32.72	0.01
32.73	0.01
32.74	0.01
32.75	0.01
32.76	0.01
32.77	0.01
32.78	0.01
32.79	0.01
32.8	0.01
32.81	0.01
32.82	0.01
32.83	0.01
32.84	0.01
32.85	0.01
32.86	0.01
32.87	0.01
32.88	0.01
32.89	0.01
32.9	0.01
32.91	0.01
32.92	0.01
32.93	0.01
32.94	0.01
32.95	0.01
32.96	0.01
32.97	0.01
32.98	0.01
32.99	0.01
33	0.01
33.01	0.01
33.02	0.01
33.03	0.01
33.04	0.01
33.05	0.01
33.06	0.01
33.07	0.01
33.08	0.01
33.09	0.01
33.1	0.01
33.11	0.01
33.12	0.01
33.13	0.01
33.14	0.01
33.15	0.01
33.16	0.01
33.17	0.01
33.18	0.01
33.19	0.01
33.2	0.01
33.21	0.01
33.22	0.01
33.23	0.01
33.24	0.01
33.25	0.01
33.26	0.01
33.27	0.01
33.28	0.01
33.29	0.01
33.3	0.01
33.31	0.01
33.32	0.01
33.33	0.01
33.34	0.01
33.35	0.01
33.36	0.01
33.37	0.01
33.38	0.01
33.39	0.01
33.4	0.01
33.41	0.01
33.42	0.01
33.43	0.01
33.44	0.01
33.45	0.01
33.46	0.01
33.47	0.01
33.48	0.01
33.49	0.01
33.5	0.01
33.51	0.01
33.52	0.01
33.53	0.01
33.54	0.01
33.55	0.01
33.56	0.01
33.57	0.01
33.58	0.01
33.59	0.01
33.6	0.01
33.61	0.01
33.62	0.01
33.63	0.01
33.64	0.01
33.65	0.01
33.66	0.01
33.67	0.01
33.68	0.01
33.69	0.01
33.7	0.01
33.71	0.01
33.72	0.01
33.73	0.01
33.74	0.01
33.75	0.01
33.76	0.01
33.77	0.01
33.78	0.01
33.79	0.01
33.8	0.01
33.81	0.01
33.82	0.01
33.83	0.01
33.84	0.01
33.85	0.01
33.86	0.01
33.87	0.01
33.88	0.01
33.89	0.01
33.9	0.01
33.91	0.01
33.92	0.01
33.93	0.01
33.94	0.01
33.95	0.01
33.96	0.01
33.97	0.01
33.98	0.01
33.99	0.01
34	0.01
34.01	0.01
34.02	0.01
34.03	0.01
34.04	0.01
34.05	0.01
34.06	0.01
34.07	0.01
34.08	0.01
34.09	0.01
34.1	0.01
34.11	0.01
34.12	0.01
34.13	0.01
34.14	0.01
34.15	0.01
34.16	0.01
34.17	0.01
34.18	0.01
34.19	0.01
34.2	0.01
34.21	0.01
34.22	0.01
34.23	0.01
34.24	0.01
34.25	0.01
34.26	0.01
34.27	0.01
34.28	0.01
34.29	0.01
34.3	0.01
34.31	0.01
34.32	0.01
34.33	0.01
34.34	0.01
34.35	0.01
34.36	0.01
34.37	0.01
34.38	0.01
34.39	0.01
34.4	0.01
34.41	0.01
34.42	0.01
34.43	0.01
34.44	0.01
34.45	0.01
34.46	0.01
34.47	0.01
34.48	0.01
34.49	0.01
34.5	0.01
34.51	0.01
34.52	0.01
34.53	0.01
34.54	0.01
34.55	0.01
34.56	0.01
34.57	0.01
34.58	0.01
34.59	0.01
34.6	0.01
34.61	0.01
34.62	0.01
34.63	0.01
34.64	0.01
34.65	0.01
34.66	0.01
34.67	0.01
34.68	0.01
34.69	0.01
34.7	0.01
34.71	0.01
34.72	0.01
34.73	0.01
34.74	0.01
34.75	0.01
34.76	0.01
34.77	0.01
34.78	0.01
34.79	0.01
34.8	0.01
34.81	0.01
34.82	0.01
34.83	0.01
34.84	0.01
34.85	0.01
34.86	0.01
34.87	0.01
34.88	0.01
34.89	0.01
34.9	0.01
34.91	0.01
34.92	0.01
34.93	0.01
34.94	0.01
34.95	0.01
34.96	0.01
34.97	0.01
34.98	0.01
34.99	0.01
35	0.01
35.01	0.01
35.02	0.01
35.03	0.01
35.04	0.01
35.05	0.01
35.06	0.01
35.07	0.01
35.08	0.01
35.09	0.01
35.1	0.01
35.11	0.01
35.12	0.01
35.13	0.01
35.14	0.01
35.15	0.01
35.16	0.01
35.17	0.01
35.18	0.01
35.19	0.01
35.2	0.01
35.21	0.01
35.22	0.01
35.23	0.01
35.24	0.01
35.25	0.01
35.26	0.01
35.27	0.01
35.28	0.01
35.29	0.01
35.3	0.01
35.31	0.01
35.32	0.01
35.33	0.01
35.34	0.01
35.35	0.01
35.36	0.01
35.37	0.01
35.38	0.01
35.39	0.01
35.4	0.01
35.41	0.01
35.42	0.01
35.43	0.01
35.44	0.01
35.45	0.01
35.46	0.01
35.47	0.01
35.48	0.01
35.49	0.01
35.5	0.01
35.51	0.01
35.52	0.01
35.53	0.01
35.54	0.01
35.55	0.01
35.56	0.01
35.57	0.01
35.58	0.01
35.59	0.01
35.6	0.01
35.61	0.01
35.62	0.01
35.63	0.01
35.64	0.01
35.65	0.01
35.66	0.01
35.67	0.01
35.68	0.01
35.69	0.01
35.7	0.01
35.71	0.01
35.72	0.01
35.73	0.01
35.74	0.01
35.75	0.01
35.76	0.01
35.77	0.01
35.78	0.01
35.79	0.01
35.8	0.01
35.81	0.01
35.82	0.01
35.83	0.01
35.84	0.01
35.85	0.01
35.86	0.01
35.87	0.01
35.88	0.01
35.89	0.01
35.9	0.01
35.91	0.01
35.92	0.01
35.93	0.01
35.94	0.01
35.95	0.01
35.96	0.01
35.97	0.01
35.98	0.01
35.99	0.01
36	0.01
36.01	0.01
36.02	0.01
36.03	0.01
36.04	0.01
36.05	0.01
36.06	0.01
36.07	0.01
36.08	0.01
36.09	0.01
36.1	0.01
36.11	0.01
36.12	0.01
36.13	0.01
36.14	0.01
36.15	0.01
36.16	0.01
36.17	0.01
36.18	0.01
36.19	0.01
36.2	0.01
36.21	0.01
36.22	0.01
36.23	0.01
36.24	0.01
36.25	0.01
36.26	0.01
36.27	0.01
36.28	0.01
36.29	0.01
36.3	0.01
36.31	0.01
36.32	0.01
36.33	0.01
36.34	0.01
36.35	0.01
36.36	0.01
36.37	0.01
36.38	0.01
36.39	0.01
36.4	0.01
36.41	0.01
36.42	0.01
36.43	0.01
36.44	0.01
36.45	0.01
36.46	0.01
36.47	0.01
36.48	0.01
36.49	0.01
36.5	0.01
36.51	0.01
36.52	0.01
36.53	0.01
36.54	0.01
36.55	0.01
36.56	0.01
36.57	0.01
36.58	0.01
36.59	0.01
36.6	0.01
36.61	0.01
36.62	0.01
36.63	0.01
36.64	0.01
36.65	0.01
36.66	0.01
36.67	0.01
36.68	0.01
36.69	0.01
36.7	0.01
36.71	0.01
36.72	0.01
36.73	0.01
36.74	0.01
36.75	0.01
36.76	0.01
36.77	0.01
36.78	0.01
36.79	0.01
36.8	0.01
36.81	0.01
36.82	0.01
36.83	0.01
36.84	0.01
36.85	0.01
36.86	0.01
36.87	0.01
36.88	0.01
36.89	0.01
36.9	0.01
36.91	0.01
36.92	0.01
36.93	0.01
36.94	0.01
36.95	0.01
36.96	0.01
36.97	0.01
36.98	0.01
36.99	0.01
37	0.01
37.01	0.01
37.02	0.01
37.03	0.01
37.04	0.01
37.05	0.01
37.06	0.01
37.07	0.01
37.08	0.01
37.09	0.01
37.1	0.01
37.11	0.01
37.12	0.01
37.13	0.01
37.14	0.01
37.15	0.01
37.16	0.01
37.17	0.01
37.18	0.01
37.19	0.01
37.2	0.01
37.21	0.01
37.22	0.01
37.23	0.01
37.24	0.01
37.25	0.01
37.26	0.01
37.27	0.01
37.28	0.01
37.29	0.01
37.3	0.01
37.31	0.01
37.32	0.01
37.33	0.01
37.34	0.01
37.35	0.01
37.36	0.01
37.37	0.01
37.38	0.01
37.39	0.01
37.4	0.01
37.41	0.01
37.42	0.01
37.43	0.01
37.44	0.01
37.45	0.01
37.46	0.01
37.47	0.01
37.48	0.01
37.49	0.01
37.5	0.01
37.51	0.01
37.52	0.01
37.53	0.01
37.54	0.01
37.55	0.01
37.56	0.01
37.57	0.01
37.58	0.01
37.59	0.01
37.6	0.01
37.61	0.01
37.62	0.01
37.63	0.01
37.64	0.01
37.65	0.01
37.66	0.01
37.67	0.01
37.68	0.01
37.69	0.01
37.7	0.01
37.71	0.01
37.72	0.01
37.73	0.01
37.74	0.01
37.75	0.01
37.76	0.01
37.77	0.01
37.78	0.01
37.79	0.01
37.8	0.01
37.81	0.01
37.82	0.01
37.83	0.01
37.84	0.01
37.85	0.01
37.86	0.01
37.87	0.01
37.88	0.01
37.89	0.01
37.9	0.01
37.91	0.01
37.92	0.01
37.93	0.01
37.94	0.01
37.95	0.01
37.96	0.01
37.97	0.01
37.98	0.01
37.99	0.01
38	0.01
38.01	0.01
38.02	0.01
38.03	0.01
38.04	0.01
38.05	0.01
38.06	0.01
38.07	0.01
38.08	0.01
38.09	0.01
38.1	0.01
38.11	0.01
38.12	0.01
38.13	0.01
38.14	0.01
38.15	0.01
38.16	0.01
38.17	0.01
38.18	0.01
38.19	0.01
38.2	0.01
38.21	0.01
38.22	0.01
38.23	0.01
38.24	0.01
38.25	0.01
38.26	0.01
38.27	0.01
38.28	0.01
38.29	0.01
38.3	0.01
38.31	0.01
38.32	0.01
38.33	0.01
38.34	0.01
38.35	0.01
38.36	0.01
38.37	0.01
38.38	0.01
38.39	0.01
38.4	0.01
38.41	0.01
38.42	0.01
38.43	0.01
38.44	0.01
38.45	0.01
38.46	0.01
38.47	0.01
38.48	0.01
38.49	0.01
38.5	0.01
38.51	0.01
38.52	0.01
38.53	0.01
38.54	0.01
38.55	0.01
38.56	0.01
38.57	0.01
38.58	0.01
38.59	0.01
38.6	0.01
38.61	0.01
38.62	0.01
38.63	0.01
38.64	0.01
38.65	0.01
38.66	0.01
38.67	0.01
38.68	0.01
38.69	0.01
38.7	0.01
38.71	0.01
38.72	0.01
38.73	0.01
38.74	0.01
38.75	0.01
38.76	0.01
38.77	0.01
38.78	0.01
38.79	0.01
38.8	0.01
38.81	0.01
38.82	0.01
38.83	0.01
38.84	0.01
38.85	0.01
38.86	0.01
38.87	0.01
38.88	0.01
38.89	0.01
38.9	0.01
38.91	0.01
38.92	0.01
38.93	0.01
38.94	0.01
38.95	0.01
38.96	0.01
38.97	0.01
38.98	0.01
38.99	0.01
39	0.01
39.01	0.01
39.02	0.01
39.03	0.01
39.04	0.01
39.05	0.01
39.06	0.01
39.07	0.01
39.08	0.01
39.09	0.01
39.1	0.01
39.11	0.01
39.12	0.01
39.13	0.01
39.14	0.01
39.15	0.01
39.16	0.01
39.17	0.01
39.18	0.01
39.19	0.01
39.2	0.01
39.21	0.01
39.22	0.01
39.23	0.01
39.24	0.01
39.25	0.01
39.26	0.01
39.27	0.01
39.28	0.01
39.29	0.01
39.3	0.01
39.31	0.01
39.32	0.01
39.33	0.01
39.34	0.01
39.35	0.01
39.36	0.01
39.37	0.01
39.38	0.01
39.39	0.01
39.4	0.01
39.41	0.01
39.42	0.01
39.43	0.01
39.44	0.01
39.45	0.01
39.46	0.01
39.47	0.01
39.48	0.01
39.49	0.01
39.5	0.01
39.51	0.01
39.52	0.01
39.53	0.01
39.54	0.01
39.55	0.01
39.56	0.01
39.57	0.01
39.58	0.01
39.59	0.01
39.6	0.01
39.61	0.01
39.62	0.01
39.63	0.01
39.64	0.01
39.65	0.01
39.66	0.01
39.67	0.01
39.68	0.01
39.69	0.01
39.7	0.01
39.71	0.01
39.72	0.01
39.73	0.01
39.74	0.01
39.75	0.01
39.76	0.01
39.77	0.01
39.78	0.01
39.79	0.01
39.8	0.01
39.81	0.01
39.82	0.01
39.83	0.01
39.84	0.01
39.85	0.01
39.86	0.01
39.87	0.01
39.88	0.01
39.89	0.01
39.9	0.01
39.91	0.01
39.92	0.01
39.93	0.01
39.94	0.01
39.95	0.01
39.96	0.01
39.97	0.01
39.98	0.01
39.99	0.01
40	0.01
40.01	0.01
40.02	0.01
40.03	0.01
40.04	0.01
40.05	0.01
40.06	0.01
40.07	0.01
40.08	0.01
40.09	0.01
40.1	0.01
40.11	0.01
40.12	0.01
40.13	0.01
40.14	0.01
40.15	0.01
40.16	0.01
40.17	0.01
40.18	0.01
40.19	0.01
40.2	0.01
40.21	0.01
40.22	0.01
40.23	0.01
40.24	0.01
40.25	0.01
40.26	0.01
40.27	0.01
40.28	0.01
40.29	0.01
40.3	0.01
40.31	0.01
40.32	0.01
40.33	0.01
40.34	0.01
40.35	0.01
40.36	0.01
40.37	0.01
40.38	0.01
40.39	0.01
40.4	0.01
40.41	0.01
40.42	0.01
40.43	0.01
40.44	0.01
40.45	0.01
40.46	0.01
40.47	0.01
40.48	0.01
40.49	0.01
40.5	0.01
40.51	0.01
40.52	0.01
40.53	0.01
40.54	0.01
40.55	0.01
40.56	0.01
40.57	0.01
40.58	0.01
40.59	0.01
40.6	0.01
40.61	0.01
40.62	0.01
40.63	0.01
40.64	0.01
40.65	0.01
40.66	0.01
40.67	0.01
40.68	0.01
40.69	0.01
40.7	0.01
40.71	0.01
40.72	0.01
40.73	0.01
40.74	0.01
40.75	0.01
40.76	0.01
40.77	0.01
40.78	0.01
40.79	0.01
40.8	0.01
40.81	0.01
40.82	0.01
40.83	0.01
40.84	0.01
40.85	0.01
40.86	0.01
40.87	0.01
40.88	0.01
40.89	0.01
40.9	0.01
40.91	0.01
40.92	0.01
40.93	0.01
40.94	0.01
40.95	0.01
40.96	0.01
40.97	0.01
40.98	0.01
40.99	0.01
41	0.01
41.01	0.01
41.02	0.01
41.03	0.01
41.04	0.01
41.05	0.01
41.06	0.01
41.07	0.01
41.08	0.01
41.09	0.01
41.1	0.01
41.11	0.01
41.12	0.01
41.13	0.01
41.14	0.01
41.15	0.01
41.16	0.01
41.17	0.01
41.18	0.01
41.19	0.01
41.2	0.01
41.21	0.01
41.22	0.01
41.23	0.01
41.24	0.01
41.25	0.01
41.26	0.01
41.27	0.01
41.28	0.01
41.29	0.01
41.3	0.01
41.31	0.01
41.32	0.01
41.33	0.01
41.34	0.01
41.35	0.01
41.36	0.01
41.37	0.01
41.38	0.01
41.39	0.01
41.4	0.01
41.41	0.01
41.42	0.01
41.43	0.01
41.44	0.01
41.45	0.01
41.46	0.01
41.47	0.01
41.48	0.01
41.49	0.01
41.5	0.01
41.51	0.01
41.52	0.01
41.53	0.01
41.54	0.01
41.55	0.01
41.56	0.01
41.57	0.01
41.58	0.01
41.59	0.01
41.6	0.01
41.61	0.01
41.62	0.01
41.63	0.01
41.64	0.01
41.65	0.01
41.66	0.01
41.67	0.01
41.68	0.01
41.69	0.01
41.7	0.01
41.71	0.01
41.72	0.01
41.73	0.01
41.74	0.01
41.75	0.01
41.76	0.01
41.77	0.01
41.78	0.01
41.79	0.01
41.8	0.01
41.81	0.01
41.82	0.01
41.83	0.01
41.84	0.01
41.85	0.01
41.86	0.01
41.87	0.01
41.88	0.01
41.89	0.01
41.9	0.01
41.91	0.01
41.92	0.01
41.93	0.01
41.94	0.01
41.95	0.01
41.96	0.01
41.97	0.01
41.98	0.01
41.99	0.01
42	0.01
42.01	0.01
42.02	0.01
42.03	0.01
42.04	0.01
42.05	0.01
42.06	0.01
42.07	0.01
42.08	0.01
42.09	0.01
42.1	0.01
42.11	0.01
42.12	0.01
42.13	0.01
42.14	0.01
42.15	0.01
42.16	0.01
42.17	0.01
42.18	0.01
42.19	0.01
42.2	0.01
42.21	0.01
42.22	0.01
42.23	0.01
42.24	0.01
42.25	0.01
42.26	0.01
42.27	0.01
42.28	0.01
42.29	0.01
42.3	0.01
42.31	0.01
42.32	0.01
42.33	0.01
42.34	0.01
42.35	0.01
42.36	0.01
42.37	0.01
42.38	0.01
42.39	0.01
42.4	0.01
42.41	0.01
42.42	0.01
42.43	0.01
42.44	0.01
42.45	0.01
42.46	0.01
42.47	0.01
42.48	0.01
42.49	0.01
42.5	0.01
42.51	0.01
42.52	0.01
42.53	0.01
42.54	0.01
42.55	0.01
42.56	0.01
42.57	0.01
42.58	0.01
42.59	0.01
42.6	0.01
42.61	0.01
42.62	0.01
42.63	0.01
42.64	0.01
42.65	0.01
42.66	0.01
42.67	0.01
42.68	0.01
42.69	0.01
42.7	0.01
42.71	0.01
42.72	0.01
42.73	0.01
42.74	0.01
42.75	0.01
42.76	0.01
42.77	0.01
42.78	0.01
42.79	0.01
42.8	0.01
42.81	0.01
42.82	0.01
42.83	0.01
42.84	0.01
42.85	0.01
42.86	0.01
42.87	0.01
42.88	0.01
42.89	0.01
42.9	0.01
42.91	0.01
42.92	0.01
42.93	0.01
42.94	0.01
42.95	0.01
42.96	0.01
42.97	0.01
42.98	0.01
42.99	0.01
43	0.01
43.01	0.01
43.02	0.01
43.03	0.01
43.04	0.01
43.05	0.01
43.06	0.01
43.07	0.01
43.08	0.01
43.09	0.01
43.1	0.01
43.11	0.01
43.12	0.01
43.13	0.01
43.14	0.01
43.15	0.01
43.16	0.01
43.17	0.01
43.18	0.01
43.19	0.01
43.2	0.01
43.21	0.01
43.22	0.01
43.23	0.01
43.24	0.01
43.25	0.01
43.26	0.01
43.27	0.01
43.28	0.01
43.29	0.01
43.3	0.01
43.31	0.01
43.32	0.01
43.33	0.01
43.34	0.01
43.35	0.01
43.36	0.01
43.37	0.01
43.38	0.01
43.39	0.01
43.4	0.01
43.41	0.01
43.42	0.01
43.43	0.01
43.44	0.01
43.45	0.01
43.46	0.01
43.47	0.01
43.48	0.01
43.49	0.01
43.5	0.01
43.51	0.01
43.52	0.01
43.53	0.01
43.54	0.01
43.55	0.01
43.56	0.01
43.57	0.01
43.58	0.01
43.59	0.01
43.6	0.01
43.61	0.01
43.62	0.01
43.63	0.01
43.64	0.01
43.65	0.01
43.66	0.01
43.67	0.01
43.68	0.01
43.69	0.01
43.7	0.01
43.71	0.01
43.72	0.01
43.73	0.01
43.74	0.01
43.75	0.01
43.76	0.01
43.77	0.01
43.78	0.01
43.79	0.01
43.8	0.01
43.81	0.01
43.82	0.01
43.83	0.01
43.84	0.01
43.85	0.01
43.86	0.01
43.87	0.01
43.88	0.01
43.89	0.01
43.9	0.01
43.91	0.01
43.92	0.01
43.93	0.01
43.94	0.01
43.95	0.01
43.96	0.01
43.97	0.01
43.98	0.01
43.99	0.01
44	0.01
44.01	0.01
44.02	0.01
44.03	0.01
44.04	0.01
44.05	0.01
44.06	0.01
44.07	0.01
44.08	0.01
44.09	0.01
44.1	0.01
44.11	0.01
44.12	0.01
44.13	0.01
44.14	0.01
44.15	0.01
44.16	0.01
44.17	0.01
44.18	0.01
44.19	0.01
44.2	0.01
44.21	0.01
44.22	0.01
44.23	0.01
44.24	0.01
44.25	0.01
44.26	0.01
44.27	0.01
44.28	0.01
44.29	0.01
44.3	0.01
44.31	0.01
44.32	0.01
44.33	0.01
44.34	0.01
44.35	0.01
44.36	0.01
44.37	0.01
44.38	0.01
44.39	0.01
44.4	0.01
44.41	0.01
44.42	0.01
44.43	0.01
44.44	0.01
44.45	0.01
44.46	0.01
44.47	0.01
44.48	0.01
44.49	0.01
44.5	0.01
44.51	0.01
44.52	0.01
44.53	0.01
44.54	0.01
44.55	0.01
44.56	0.01
44.57	0.01
44.58	0.01
44.59	0.01
44.6	0.01
44.61	0.01
44.62	0.01
44.63	0.01
44.64	0.01
44.65	0.01
44.66	0.01
44.67	0.01
44.68	0.01
44.69	0.01
44.7	0.01
44.71	0.01
44.72	0.01
44.73	0.01
44.74	0.01
44.75	0.01
44.76	0.01
44.77	0.01
44.78	0.01
44.79	0.01
44.8	0.01
44.81	0.01
44.82	0.01
44.83	0.01
44.84	0.01
44.85	0.01
44.86	0.01
44.87	0.01
44.88	0.01
44.89	0.01
44.9	0.01
44.91	0.01
44.92	0.01
44.93	0.01
44.94	0.01
44.95	0.01
44.96	0.01
44.97	0.01
44.98	0.01
44.99	0.01
45	0.01
45.01	0.01
45.02	0.01
45.03	0.01
45.04	0.01
45.05	0.01
45.06	0.01
45.07	0.01
45.08	0.01
45.09	0.01
45.1	0.01
45.11	0.01
45.12	0.01
45.13	0.01
45.14	0.01
45.15	0.01
45.16	0.01
45.17	0.01
45.18	0.01
45.19	0.01
45.2	0.01
45.21	0.01
45.22	0.01
45.23	0.01
45.24	0.01
45.25	0.01
45.26	0.01
45.27	0.01
45.28	0.01
45.29	0.01
45.3	0.01
45.31	0.01
45.32	0.01
45.33	0.01
45.34	0.01
45.35	0.01
45.36	0.01
45.37	0.01
45.38	0.01
45.39	0.01
45.4	0.01
45.41	0.01
45.42	0.01
45.43	0.01
45.44	0.01
45.45	0.01
45.46	0.01
45.47	0.01
45.48	0.01
45.49	0.01
45.5	0.01
45.51	0.01
45.52	0.01
45.53	0.01
45.54	0.01
45.55	0.01
45.56	0.01
45.57	0.01
45.58	0.01
45.59	0.01
45.6	0.01
45.61	0.01
45.62	0.01
45.63	0.01
45.64	0.01
45.65	0.01
45.66	0.01
45.67	0.01
45.68	0.01
45.69	0.01
45.7	0.01
45.71	0.01
45.72	0.01
45.73	0.01
45.74	0.01
45.75	0.01
45.76	0.01
45.77	0.01
45.78	0.01
45.79	0.01
45.8	0.01
45.81	0.01
45.82	0.01
45.83	0.01
45.84	0.01
45.85	0.01
45.86	0.01
45.87	0.01
45.88	0.01
45.89	0.01
45.9	0.01
45.91	0.01
45.92	0.01
45.93	0.01
45.94	0.01
45.95	0.01
45.96	0.01
45.97	0.01
45.98	0.01
45.99	0.01
46	0.01
46.01	0.01
46.02	0.01
46.03	0.01
46.04	0.01
46.05	0.01
46.06	0.01
46.07	0.01
46.08	0.01
46.09	0.01
46.1	0.01
46.11	0.01
46.12	0.01
46.13	0.01
46.14	0.01
46.15	0.01
46.16	0.01
46.17	0.01
46.18	0.01
46.19	0.01
46.2	0.01
46.21	0.01
46.22	0.01
46.23	0.01
46.24	0.01
46.25	0.01
46.26	0.01
46.27	0.01
46.28	0.01
46.29	0.01
46.3	0.01
46.31	0.01
46.32	0.01
46.33	0.01
46.34	0.01
46.35	0.01
46.36	0.01
46.37	0.01
46.38	0.01
46.39	0.01
46.4	0.01
46.41	0.01
46.42	0.01
46.43	0.01
46.44	0.01
46.45	0.01
46.46	0.01
46.47	0.01
46.48	0.01
46.49	0.01
46.5	0.01
46.51	0.01
46.52	0.01
46.53	0.01
46.54	0.01
46.55	0.01
46.56	0.01
46.57	0.01
46.58	0.01
46.59	0.01
46.6	0.01
46.61	0.01
46.62	0.01
46.63	0.01
46.64	0.01
46.65	0.01
46.66	0.01
46.67	0.01
46.68	0.01
46.69	0.01
46.7	0.01
46.71	0.01
46.72	0.01
46.73	0.01
46.74	0.01
46.75	0.01
46.76	0.01
46.77	0.01
46.78	0.01
46.79	0.01
46.8	0.01
46.81	0.01
46.82	0.01
46.83	0.01
46.84	0.01
46.85	0.01
46.86	0.01
46.87	0.01
46.88	0.01
46.89	0.01
46.9	0.01
46.91	0.01
46.92	0.01
46.93	0.01
46.94	0.01
46.95	0.01
46.96	0.01
46.97	0.01
46.98	0.01
46.99	0.01
47	0.01
47.01	0.01
47.02	0.01
47.03	0.01
47.04	0.01
47.05	0.01
47.06	0.01
47.07	0.01
47.08	0.01
47.09	0.01
47.1	0.01
47.11	0.01
47.12	0.01
47.13	0.01
47.14	0.01
47.15	0.01
47.16	0.01
47.17	0.01
47.18	0.01
47.19	0.01
47.2	0.01
47.21	0.01
47.22	0.01
47.23	0.01
47.24	0.01
47.25	0.01
47.26	0.01
47.27	0.01
47.28	0.01
47.29	0.01
47.3	0.01
47.31	0.01
47.32	0.01
47.33	0.01
47.34	0.01
47.35	0.01
47.36	0.01
47.37	0.01
47.38	0.01
47.39	0.01
47.4	0.01
47.41	0.01
47.42	0.01
47.43	0.01
47.44	0.01
47.45	0.01
47.46	0.01
47.47	0.01
47.48	0.01
47.49	0.01
47.5	0.01
47.51	0.01
47.52	0.01
47.53	0.01
47.54	0.01
47.55	0.01
47.56	0.01
47.57	0.01
47.58	0.01
47.59	0.01
47.6	0.01
47.61	0.01
47.62	0.01
47.63	0.01
47.64	0.01
47.65	0.01
47.66	0.01
47.67	0.01
47.68	0.01
47.69	0.01
47.7	0.01
47.71	0.01
47.72	0.01
47.73	0.01
47.74	0.01
47.75	0.01
47.76	0.01
47.77	0.01
47.78	0.01
47.79	0.01
47.8	0.01
47.81	0.01
47.82	0.01
47.83	0.01
47.84	0.01
47.85	0.01
47.86	0.01
47.87	0.01
47.88	0.01
47.89	0.01
47.9	0.01
47.91	0.01
47.92	0.01
47.93	0.01
47.94	0.01
47.95	0.01
47.96	0.01
47.97	0.01
47.98	0.01
47.99	0.01
48	0.01
48.01	0.01
48.02	0.01
48.03	0.01
48.04	0.01
48.05	0.01
48.06	0.01
48.07	0.01
48.08	0.01
48.09	0.01
48.1	0.01
48.11	0.01
48.12	0.01
48.13	0.01
48.14	0.01
48.15	0.01
48.16	0.01
48.17	0.01
48.18	0.01
48.19	0.01
48.2	0.01
48.21	0.01
48.22	0.01
48.23	0.01
48.24	0.01
48.25	0.01
48.26	0.01
48.27	0.01
48.28	0.01
48.29	0.01
48.3	0.01
48.31	0.01
48.32	0.01
48.33	0.01
48.34	0.01
48.35	0.01
48.36	0.01
48.37	0.01
48.38	0.01
48.39	0.01
48.4	0.01
48.41	0.01
48.42	0.01
48.43	0.01
48.44	0.01
48.45	0.01
48.46	0.01
48.47	0.01
48.48	0.01
48.49	0.01
48.5	0.01
48.51	0.01
48.52	0.01
48.53	0.01
48.54	0.01
48.55	0.01
48.56	0.01
48.57	0.01
48.58	0.01
48.59	0.01
48.6	0.01
48.61	0.01
48.62	0.01
48.63	0.01
48.64	0.01
48.65	0.01
48.66	0.01
48.67	0.01
48.68	0.01
48.69	0.01
48.7	0.01
48.71	0.01
48.72	0.01
48.73	0.01
48.74	0.01
48.75	0.01
48.76	0.01
48.77	0.01
48.78	0.01
48.79	0.01
48.8	0.01
48.81	0.01
48.82	0.01
48.83	0.01
48.84	0.01
48.85	0.01
48.86	0.01
48.87	0.01
48.88	0.01
48.89	0.01
48.9	0.01
48.91	0.01
48.92	0.01
48.93	0.01
48.94	0.01
48.95	0.01
48.96	0.01
48.97	0.01
48.98	0.01
48.99	0.01
49	0.01
49.01	0.01
49.02	0.01
49.03	0.01
49.04	0.01
49.05	0.01
49.06	0.01
49.07	0.01
49.08	0.01
49.09	0.01
49.1	0.01
49.11	0.01
49.12	0.01
49.13	0.01
49.14	0.01
49.15	0.01
49.16	0.01
49.17	0.01
49.18	0.01
49.19	0.01
49.2	0.01
49.21	0.01
49.22	0.01
49.23	0.01
49.24	0.01
49.25	0.01
49.26	0.01
49.27	0.01
49.28	0.01
49.29	0.01
49.3	0.01
49.31	0.01
49.32	0.01
49.33	0.01
49.34	0.01
49.35	0.01
49.36	0.01
49.37	0.01
49.38	0.01
49.39	0.01
49.4	0.01
49.41	0.01
49.42	0.01
49.43	0.01
49.44	0.01
49.45	0.01
49.46	0.01
49.47	0.01
49.48	0.01
49.49	0.01
49.5	0.01
49.51	0.01
49.52	0.01
49.53	0.01
49.54	0.01
49.55	0.01
49.56	0.01
49.57	0.01
49.58	0.01
49.59	0.01
49.6	0.01
49.61	0.01
49.62	0.01
49.63	0.01
49.64	0.01
49.65	0.01
49.66	0.01
49.67	0.01
49.68	0.01
49.69	0.01
49.7	0.01
49.71	0.01
49.72	0.01
49.73	0.01
49.74	0.01
49.75	0.01
49.76	0.01
49.77	0.01
49.78	0.01
49.79	0.01
49.8	0.01
49.81	0.01
49.82	0.01
49.83	0.01
49.84	0.01
49.85	0.01
49.86	0.01
49.87	0.01
49.88	0.01
49.89	0.01
49.9	0.01
49.91	0.01
49.92	0.01
49.93	0.01
49.94	0.01
49.95	0.01
49.96	0.01
49.97	0.01
49.98	0.01
49.99	0.01
50	0.01
50.01	0.01
50.02	0.01
50.03	0.01
50.04	0.01
50.05	0.01
50.06	0.01
50.07	0.01
50.08	0.01
50.09	0.01
50.1	0.01
50.11	0.01
50.12	0.01
50.13	0.01
50.14	0.01
50.15	0.01
50.16	0.01
50.17	0.01
50.18	0.01
50.19	0.01
50.2	0.01
50.21	0.01
50.22	0.01
50.23	0.01
50.24	0.01
50.25	0.01
50.26	0.01
50.27	0.01
50.28	0.01
50.29	0.01
50.3	0.01
50.31	0.01
50.32	0.01
50.33	0.01
50.34	0.01
50.35	0.01
50.36	0.01
50.37	0.01
50.38	0.01
50.39	0.01
50.4	0.01
50.41	0.01
50.42	0.01
50.43	0.01
50.44	0.01
50.45	0.01
50.46	0.01
50.47	0.01
50.48	0.01
50.49	0.01
50.5	0.01
50.51	0.01
50.52	0.01
50.53	0.01
50.54	0.01
50.55	0.01
50.56	0.01
50.57	0.01
50.58	0.01
50.59	0.01
50.6	0.01
50.61	0.01
50.62	0.01
50.63	0.01
50.64	0.01
50.65	0.01
50.66	0.01
50.67	0.01
50.68	0.01
50.69	0.01
50.7	0.01
50.71	0.01
50.72	0.01
50.73	0.01
50.74	0.01
50.75	0.01
50.76	0.01
50.77	0.01
50.78	0.01
50.79	0.01
50.8	0.01
50.81	0.01
50.82	0.01
50.83	0.01
50.84	0.01
50.85	0.01
50.86	0.01
50.87	0.01
50.88	0.01
50.89	0.01
50.9	0.01
50.91	0.01
50.92	0.01
50.93	0.01
50.94	0.01
50.95	0.01
50.96	0.01
50.97	0.01
50.98	0.01
50.99	0.01
51	0.01
51.01	0.01
51.02	0.01
51.03	0.01
51.04	0.01
51.05	0.01
51.06	0.01
51.07	0.01
51.08	0.01
51.09	0.01
51.1	0.01
51.11	0.01
51.12	0.01
51.13	0.01
51.14	0.01
51.15	0.01
51.16	0.01
51.17	0.01
51.18	0.01
51.19	0.01
51.2	0.01
51.21	0.01
51.22	0.01
51.23	0.01
51.24	0.01
51.25	0.01
51.26	0.01
51.27	0.01
51.28	0.01
51.29	0.01
51.3	0.01
51.31	0.01
51.32	0.01
51.33	0.01
51.34	0.01
51.35	0.01
51.36	0.01
51.37	0.01
51.38	0.01
51.39	0.01
51.4	0.01
51.41	0.01
51.42	0.01
51.43	0.01
51.44	0.01
51.45	0.01
51.46	0.01
51.47	0.01
51.48	0.01
51.49	0.01
51.5	0.01
51.51	0.01
51.52	0.01
51.53	0.01
51.54	0.01
51.55	0.01
51.56	0.01
51.57	0.01
51.58	0.01
51.59	0.01
51.6	0.01
51.61	0.01
51.62	0.01
51.63	0.01
51.64	0.01
51.65	0.01
51.66	0.01
51.67	0.01
51.68	0.01
51.69	0.01
51.7	0.01
51.71	0.01
51.72	0.01
51.73	0.01
51.74	0.01
51.75	0.01
51.76	0.01
51.77	0.01
51.78	0.01
51.79	0.01
51.8	0.01
51.81	0.01
51.82	0.01
51.83	0.01
51.84	0.01
51.85	0.01
51.86	0.01
51.87	0.01
51.88	0.01
51.89	0.01
51.9	0.01
51.91	0.01
51.92	0.01
51.93	0.01
51.94	0.01
51.95	0.01
51.96	0.01
51.97	0.01
51.98	0.01
51.99	0.01
52	0.01
52.01	0.01
52.02	0.01
52.03	0.01
52.04	0.01
52.05	0.01
52.06	0.01
52.07	0.01
52.08	0.01
52.09	0.01
52.1	0.01
52.11	0.01
52.12	0.01
52.13	0.01
52.14	0.01
52.15	0.01
52.16	0.01
52.17	0.01
52.18	0.01
52.19	0.01
52.2	0.01
52.21	0.01
52.22	0.01
52.23	0.01
52.24	0.01
52.25	0.01
52.26	0.01
52.27	0.01
52.28	0.01
52.29	0.01
52.3	0.01
52.31	0.01
52.32	0.01
52.33	0.01
52.34	0.01
52.35	0.01
52.36	0.01
52.37	0.01
52.38	0.01
52.39	0.01
52.4	0.01
52.41	0.01
52.42	0.01
52.43	0.01
52.44	0.01
52.45	0.01
52.46	0.01
52.47	0.01
52.48	0.01
52.49	0.01
52.5	0.01
52.51	0.01
52.52	0.01
52.53	0.01
52.54	0.01
52.55	0.01
52.56	0.01
52.57	0.01
52.58	0.01
52.59	0.01
52.6	0.01
52.61	0.01
52.62	0.01
52.63	0.01
52.64	0.01
52.65	0.01
52.66	0.01
52.67	0.01
52.68	0.01
52.69	0.01
52.7	0.01
52.71	0.01
52.72	0.01
52.73	0.01
52.74	0.01
52.75	0.01
52.76	0.01
52.77	0.01
52.78	0.01
52.79	0.01
52.8	0.01
52.81	0.01
52.82	0.01
52.83	0.01
52.84	0.01
52.85	0.01
52.86	0.01
52.87	0.01
52.88	0.01
52.89	0.01
52.9	0.01
52.91	0.01
52.92	0.01
52.93	0.01
52.94	0.01
52.95	0.01
52.96	0.01
52.97	0.01
52.98	0.01
52.99	0.01
53	0.01
53.01	0.01
53.02	0.01
53.03	0.01
53.04	0.01
53.05	0.01
53.06	0.01
53.07	0.01
53.08	0.01
53.09	0.01
53.1	0.01
53.11	0.01
53.12	0.01
53.13	0.01
53.14	0.01
53.15	0.01
53.16	0.01
53.17	0.01
53.18	0.01
53.19	0.01
53.2	0.01
53.21	0.01
53.22	0.01
53.23	0.01
53.24	0.01
53.25	0.01
53.26	0.01
53.27	0.01
53.28	0.01
53.29	0.01
53.3	0.01
53.31	0.01
53.32	0.01
53.33	0.01
53.34	0.01
53.35	0.01
53.36	0.01
53.37	0.01
53.38	0.01
53.39	0.01
53.4	0.01
53.41	0.01
53.42	0.01
53.43	0.01
53.44	0.01
53.45	0.01
53.46	0.01
53.47	0.01
53.48	0.01
53.49	0.01
53.5	0.01
53.51	0.01
53.52	0.01
53.53	0.01
53.54	0.01
53.55	0.01
53.56	0.01
53.57	0.01
53.58	0.01
53.59	0.01
53.6	0.01
53.61	0.01
53.62	0.01
53.63	0.01
53.64	0.01
53.65	0.01
53.66	0.01
53.67	0.01
53.68	0.01
53.69	0.01
53.7	0.01
53.71	0.01
53.72	0.01
53.73	0.01
53.74	0.01
53.75	0.01
53.76	0.01
53.77	0.01
53.78	0.01
53.79	0.01
53.8	0.01
53.81	0.01
53.82	0.01
53.83	0.01
53.84	0.01
53.85	0.01
53.86	0.01
53.87	0.01
53.88	0.01
53.89	0.01
53.9	0.01
53.91	0.01
53.92	0.01
53.93	0.01
53.94	0.01
53.95	0.01
53.96	0.01
53.97	0.01
53.98	0.01
53.99	0.01
54	0.01
54.01	0.01
54.02	0.01
54.03	0.01
54.04	0.01
54.05	0.01
54.06	0.01
54.07	0.01
54.08	0.01
54.09	0.01
54.1	0.01
54.11	0.01
54.12	0.01
54.13	0.01
54.14	0.01
54.15	0.01
54.16	0.01
54.17	0.01
54.18	0.01
54.19	0.01
54.2	0.01
54.21	0.01
54.22	0.01
54.23	0.01
54.24	0.01
54.25	0.01
54.26	0.01
54.27	0.01
54.28	0.01
54.29	0.01
54.3	0.01
54.31	0.01
54.32	0.01
54.33	0.01
54.34	0.01
54.35	0.01
54.36	0.01
54.37	0.01
54.38	0.01
54.39	0.01
54.4	0.01
54.41	0.01
54.42	0.01
54.43	0.01
54.44	0.01
54.45	0.01
54.46	0.01
54.47	0.01
54.48	0.01
54.49	0.01
54.5	0.01
54.51	0.01
54.52	0.01
54.53	0.01
54.54	0.01
54.55	0.01
54.56	0.01
54.57	0.01
54.58	0.01
54.59	0.01
54.6	0.01
54.61	0.01
54.62	0.01
54.63	0.01
54.64	0.01
54.65	0.01
54.66	0.01
54.67	0.01
54.68	0.01
54.69	0.01
54.7	0.01
54.71	0.01
54.72	0.01
54.73	0.01
54.74	0.01
54.75	0.01
54.76	0.01
54.77	0.01
54.78	0.01
54.79	0.01
54.8	0.01
54.81	0.01
54.82	0.01
54.83	0.01
54.84	0.01
54.85	0.01
54.86	0.01
54.87	0.01
54.88	0.01
54.89	0.01
54.9	0.01
54.91	0.01
54.92	0.01
54.93	0.01
54.94	0.01
54.95	0.01
54.96	0.01
54.97	0.01
54.98	0.01
54.99	0.01
55	0.01
55.01	0.01
55.02	0.01
55.03	0.01
55.04	0.01
55.05	0.01
55.06	0.01
55.07	0.01
55.08	0.01
55.09	0.01
55.1	0.01
55.11	0.01
55.12	0.01
55.13	0.01
55.14	0.01
55.15	0.01
55.16	0.01
55.17	0.01
55.18	0.01
55.19	0.01
55.2	0.01
55.21	0.01
55.22	0.01
55.23	0.01
55.24	0.01
55.25	0.01
55.26	0.01
55.27	0.01
55.28	0.01
55.29	0.01
55.3	0.01
55.31	0.01
55.32	0.01
55.33	0.01
55.34	0.01
55.35	0.01
55.36	0.01
55.37	0.01
55.38	0.01
55.39	0.01
55.4	0.01
55.41	0.01
55.42	0.01
55.43	0.01
55.44	0.01
55.45	0.01
55.46	0.01
55.47	0.01
55.48	0.01
55.49	0.01
55.5	0.01
55.51	0.01
55.52	0.01
55.53	0.01
55.54	0.01
55.55	0.01
55.56	0.01
55.57	0.01
55.58	0.01
55.59	0.01
55.6	0.01
55.61	0.01
55.62	0.01
55.63	0.01
55.64	0.01
55.65	0.01
55.66	0.01
55.67	0.01
55.68	0.01
55.69	0.01
55.7	0.01
55.71	0.01
55.72	0.01
55.73	0.01
55.74	0.01
55.75	0.01
55.76	0.01
55.77	0.01
55.78	0.01
55.79	0.01
55.8	0.01
55.81	0.01
55.82	0.01
55.83	0.01
55.84	0.01
55.85	0.01
55.86	0.01
55.87	0.01
55.88	0.01
55.89	0.01
55.9	0.01
55.91	0.01
55.92	0.01
55.93	0.01
55.94	0.01
55.95	0.01
55.96	0.01
55.97	0.01
55.98	0.01
55.99	0.01
56	0.01
56.01	0.01
56.02	0.01
56.03	0.01
56.04	0.01
56.05	0.01
56.06	0.01
56.07	0.01
56.08	0.01
56.09	0.01
56.1	0.01
56.11	0.01
56.12	0.01
56.13	0.01
56.14	0.01
56.15	0.01
56.16	0.01
56.17	0.01
56.18	0.01
56.19	0.01
56.2	0.01
56.21	0.01
56.22	0.01
56.23	0.01
56.24	0.01
56.25	0.01
56.26	0.01
56.27	0.01
56.28	0.01
56.29	0.01
56.3	0.01
56.31	0.01
56.32	0.01
56.33	0.01
56.34	0.01
56.35	0.01
56.36	0.01
56.37	0.01
56.38	0.01
56.39	0.01
56.4	0.01
56.41	0.01
56.42	0.01
56.43	0.01
56.44	0.01
56.45	0.01
56.46	0.01
56.47	0.01
56.48	0.01
56.49	0.01
56.5	0.01
56.51	0.01
56.52	0.01
56.53	0.01
56.54	0.01
56.55	0.01
56.56	0.01
56.57	0.01
56.58	0.01
56.59	0.01
56.6	0.01
56.61	0.01
56.62	0.01
56.63	0.01
56.64	0.01
56.65	0.01
56.66	0.01
56.67	0.01
56.68	0.01
56.69	0.01
56.7	0.01
56.71	0.01
56.72	0.01
56.73	0.01
56.74	0.01
56.75	0.01
56.76	0.01
56.77	0.01
56.78	0.01
56.79	0.01
56.8	0.01
56.81	0.01
56.82	0.01
56.83	0.01
56.84	0.01
56.85	0.01
56.86	0.01
56.87	0.01
56.88	0.01
56.89	0.01
56.9	0.01
56.91	0.01
56.92	0.01
56.93	0.01
56.94	0.01
56.95	0.01
56.96	0.01
56.97	0.01
56.98	0.01
56.99	0.01
57	0.01
57.01	0.01
57.02	0.01
57.03	0.01
57.04	0.01
57.05	0.01
57.06	0.01
57.07	0.01
57.08	0.01
57.09	0.01
57.1	0.01
57.11	0.01
57.12	0.01
57.13	0.01
57.14	0.01
57.15	0.01
57.16	0.01
57.17	0.01
57.18	0.01
57.19	0.01
57.2	0.01
57.21	0.01
57.22	0.01
57.23	0.01
57.24	0.01
57.25	0.01
57.26	0.01
57.27	0.01
57.28	0.01
57.29	0.01
57.3	0.01
57.31	0.01
57.32	0.01
57.33	0.01
57.34	0.01
57.35	0.01
57.36	0.01
57.37	0.01
57.38	0.01
57.39	0.01
57.4	0.01
57.41	0.01
57.42	0.01
57.43	0.01
57.44	0.01
57.45	0.01
57.46	0.01
57.47	0.01
57.48	0.01
57.49	0.01
57.5	0.01
57.51	0.01
57.52	0.01
57.53	0.01
57.54	0.01
57.55	0.01
57.56	0.01
57.57	0.01
57.58	0.01
57.59	0.01
57.6	0.01
57.61	0.01
57.62	0.01
57.63	0.01
57.64	0.01
57.65	0.01
57.66	0.01
57.67	0.01
57.68	0.01
57.69	0.01
57.7	0.01
57.71	0.01
57.72	0.01
57.73	0.01
57.74	0.01
57.75	0.01
57.76	0.01
57.77	0.01
57.78	0.01
57.79	0.01
57.8	0.01
57.81	0.01
57.82	0.01
57.83	0.01
57.84	0.01
57.85	0.01
57.86	0.01
57.87	0.01
57.88	0.01
57.89	0.01
57.9	0.01
57.91	0.01
57.92	0.01
57.93	0.01
57.94	0.01
57.95	0.01
57.96	0.01
57.97	0.01
57.98	0.01
57.99	0.01
58	0.01
58.01	0.01
58.02	0.01
58.03	0.01
58.04	0.01
58.05	0.01
58.06	0.01
58.07	0.01
58.08	0.01
58.09	0.01
58.1	0.01
58.11	0.01
58.12	0.01
58.13	0.01
58.14	0.01
58.15	0.01
58.16	0.01
58.17	0.01
58.18	0.01
58.19	0.01
58.2	0.01
58.21	0.01
58.22	0.01
58.23	0.01
58.24	0.01
58.25	0.01
58.26	0.01
58.27	0.01
58.28	0.01
58.29	0.01
58.3	0.01
58.31	0.01
58.32	0.01
58.33	0.01
58.34	0.01
58.35	0.01
58.36	0.01
58.37	0.01
58.38	0.01
58.39	0.01
58.4	0.01
58.41	0.01
58.42	0.01
58.43	0.01
58.44	0.01
58.45	0.01
58.46	0.01
58.47	0.01
58.48	0.01
58.49	0.01
58.5	0.01
58.51	0.01
58.52	0.01
58.53	0.01
58.54	0.01
58.55	0.01
58.56	0.01
58.57	0.01
58.58	0.01
58.59	0.01
58.6	0.01
58.61	0.01
58.62	0.01
58.63	0.01
58.64	0.01
58.65	0.01
58.66	0.01
58.67	0.01
58.68	0.01
58.69	0.01
58.7	0.01
58.71	0.01
58.72	0.01
58.73	0.01
58.74	0.01
58.75	0.01
58.76	0.01
58.77	0.01
58.78	0.01
58.79	0.01
58.8	0.01
58.81	0.01
58.82	0.01
58.83	0.01
58.84	0.01
58.85	0.01
58.86	0.01
58.87	0.01
58.88	0.01
58.89	0.01
58.9	0.01
58.91	0.01
58.92	0.01
58.93	0.01
58.94	0.01
58.95	0.01
58.96	0.01
58.97	0.01
58.98	0.01
58.99	0.01
59	0.01
59.01	0.01
59.02	0.01
59.03	0.01
59.04	0.01
59.05	0.01
59.06	0.01
59.07	0.01
59.08	0.01
59.09	0.01
59.1	0.01
59.11	0.01
59.12	0.01
59.13	0.01
59.14	0.01
59.15	0.01
59.16	0.01
59.17	0.01
59.18	0.01
59.19	0.01
59.2	0.01
59.21	0.01
59.22	0.01
59.23	0.01
59.24	0.01
59.25	0.01
59.26	0.01
59.27	0.01
59.28	0.01
59.29	0.01
59.3	0.01
59.31	0.01
59.32	0.01
59.33	0.01
59.34	0.01
59.35	0.01
59.36	0.01
59.37	0.01
59.38	0.01
59.39	0.01
59.4	0.01
59.41	0.01
59.42	0.01
59.43	0.01
59.44	0.01
59.45	0.01
59.46	0.01
59.47	0.01
59.48	0.01
59.49	0.01
59.5	0.01
59.51	0.01
59.52	0.01
59.53	0.01
59.54	0.01
59.55	0.01
59.56	0.01
59.57	0.01
59.58	0.01
59.59	0.01
59.6	0.01
59.61	0.01
59.62	0.01
59.63	0.01
59.64	0.01
59.65	0.01
59.66	0.01
59.67	0.01
59.68	0.01
59.69	0.01
59.7	0.01
59.71	0.01
59.72	0.01
59.73	0.01
59.74	0.01
59.75	0.01
59.76	0.01
59.77	0.01
59.78	0.01
59.79	0.01
59.8	0.01
59.81	0.01
59.82	0.01
59.83	0.01
59.84	0.01
59.85	0.01
59.86	0.01
59.87	0.01
59.88	0.01
59.89	0.01
59.9	0.01
59.91	0.01
59.92	0.01
59.93	0.01
59.94	0.01
59.95	0.01
59.96	0.01
59.97	0.01
59.98	0.01
59.99	0.01
60	0.01
60.01	0.01
60.02	0.01
60.03	0.01
60.04	0.01
60.05	0.01
60.06	0.01
60.07	0.01
60.08	0.01
60.09	0.01
60.1	0.01
60.11	0.01
60.12	0.01
60.13	0.01
60.14	0.01
60.15	0.01
60.16	0.01
60.17	0.01
60.18	0.01
60.19	0.01
60.2	0.01
60.21	0.01
60.22	0.01
60.23	0.01
60.24	0.01
60.25	0.01
60.26	0.01
60.27	0.01
60.28	0.01
60.29	0.01
60.3	0.01
60.31	0.01
60.32	0.01
60.33	0.01
60.34	0.01
60.35	0.01
60.36	0.01
60.37	0.01
60.38	0.01
60.39	0.01
60.4	0.01
60.41	0.01
60.42	0.01
60.43	0.01
60.44	0.01
60.45	0.01
60.46	0.01
60.47	0.01
60.48	0.01
60.49	0.01
60.5	0.01
60.51	0.01
60.52	0.01
60.53	0.01
60.54	0.01
60.55	0.01
60.56	0.01
60.57	0.01
60.58	0.01
60.59	0.01
60.6	0.01
60.61	0.01
60.62	0.01
60.63	0.01
60.64	0.01
60.65	0.01
60.66	0.01
60.67	0.01
60.68	0.01
60.69	0.01
60.7	0.01
60.71	0.01
60.72	0.01
60.73	0.01
60.74	0.01
60.75	0.01
60.76	0.01
60.77	0.01
60.78	0.01
60.79	0.01
60.8	0.01
60.81	0.01
60.82	0.01
60.83	0.01
60.84	0.01
60.85	0.01
60.86	0.01
60.87	0.01
60.88	0.01
60.89	0.01
60.9	0.01
60.91	0.01
60.92	0.01
60.93	0.01
60.94	0.01
60.95	0.01
60.96	0.01
60.97	0.01
60.98	0.01
60.99	0.01
61	0.01
61.01	0.01
61.02	0.01
61.03	0.01
61.04	0.01
61.05	0.01
61.06	0.01
61.07	0.01
61.08	0.01
61.09	0.01
61.1	0.01
61.11	0.01
61.12	0.01
61.13	0.01
61.14	0.01
61.15	0.01
61.16	0.01
61.17	0.01
61.18	0.01
61.19	0.01
61.2	0.01
61.21	0.01
61.22	0.01
61.23	0.01
61.24	0.01
61.25	0.01
61.26	0.01
61.27	0.01
61.28	0.01
61.29	0.01
61.3	0.01
61.31	0.01
61.32	0.01
61.33	0.01
61.34	0.01
61.35	0.01
61.36	0.01
61.37	0.01
61.38	0.01
61.39	0.01
61.4	0.01
61.41	0.01
61.42	0.01
61.43	0.01
61.44	0.01
61.45	0.01
61.46	0.01
61.47	0.01
61.48	0.01
61.49	0.01
61.5	0.01
61.51	0.01
61.52	0.01
61.53	0.01
61.54	0.01
61.55	0.01
61.56	0.01
61.57	0.01
61.58	0.01
61.59	0.01
61.6	0.01
61.61	0.01
61.62	0.01
61.63	0.01
61.64	0.01
61.65	0.01
61.66	0.01
61.67	0.01
61.68	0.01
61.69	0.01
61.7	0.01
61.71	0.01
61.72	0.01
61.73	0.01
61.74	0.01
61.75	0.01
61.76	0.01
61.77	0.01
61.78	0.01
61.79	0.01
61.8	0.01
61.81	0.01
61.82	0.01
61.83	0.01
61.84	0.01
61.85	0.01
61.86	0.01
61.87	0.01
61.88	0.01
61.89	0.01
61.9	0.01
61.91	0.01
61.92	0.01
61.93	0.01
61.94	0.01
61.95	0.01
61.96	0.01
61.97	0.01
61.98	0.01
61.99	0.01
62	0.01
62.01	0.01
62.02	0.01
62.03	0.01
62.04	0.01
62.05	0.01
62.06	0.01
62.07	0.01
62.08	0.01
62.09	0.01
62.1	0.01
62.11	0.01
62.12	0.01
62.13	0.01
62.14	0.01
62.15	0.01
62.16	0.01
62.17	0.01
62.18	0.01
62.19	0.01
62.2	0.01
62.21	0.01
62.22	0.01
62.23	0.01
62.24	0.01
62.25	0.01
62.26	0.01
62.27	0.01
62.28	0.01
62.29	0.01
62.3	0.01
62.31	0.01
62.32	0.01
62.33	0.01
62.34	0.01
62.35	0.01
62.36	0.01
62.37	0.01
62.38	0.01
62.39	0.01
62.4	0.01
62.41	0.01
62.42	0.01
62.43	0.01
62.44	0.01
62.45	0.01
62.46	0.01
62.47	0.01
62.48	0.01
62.49	0.01
62.5	0.01
62.51	0.01
62.52	0.01
62.53	0.01
62.54	0.01
62.55	0.01
62.56	0.01
62.57	0.01
62.58	0.01
62.59	0.01
62.6	0.01
62.61	0.01
62.62	0.01
62.63	0.01
62.64	0.01
62.65	0.01
62.66	0.01
62.67	0.01
62.68	0.01
62.69	0.01
62.7	0.01
62.71	0.01
62.72	0.01
62.73	0.01
62.74	0.01
62.75	0.01
62.76	0.01
62.77	0.01
62.78	0.01
62.79	0.01
62.8	0.01
62.81	0.01
62.82	0.01
62.83	0.01
62.84	0.01
62.85	0.01
62.86	0.01
62.87	0.01
62.88	0.01
62.89	0.01
62.9	0.01
62.91	0.01
62.92	0.01
62.93	0.01
62.94	0.01
62.95	0.01
62.96	0.01
62.97	0.01
62.98	0.01
62.99	0.01
63	0.01
63.01	0.01
63.02	0.01
63.03	0.01
63.04	0.01
63.05	0.01
63.06	0.01
63.07	0.01
63.08	0.01
63.09	0.01
63.1	0.01
63.11	0.01
63.12	0.01
63.13	0.01
63.14	0.01
63.15	0.01
63.16	0.01
63.17	0.01
63.18	0.01
63.19	0.01
63.2	0.01
63.21	0.01
63.22	0.01
63.23	0.01
63.24	0.01
63.25	0.01
63.26	0.01
63.27	0.01
63.28	0.01
63.29	0.01
63.3	0.01
63.31	0.01
63.32	0.01
63.33	0.01
63.34	0.01
63.35	0.01
63.36	0.01
63.37	0.01
63.38	0.01
63.39	0.01
63.4	0.01
63.41	0.01
63.42	0.01
63.43	0.01
63.44	0.01
63.45	0.01
63.46	0.01
63.47	0.01
63.48	0.01
63.49	0.01
63.5	0.01
63.51	0.01
63.52	0.01
63.53	0.01
63.54	0.01
63.55	0.01
63.56	0.01
63.57	0.01
63.58	0.01
63.59	0.01
63.6	0.01
63.61	0.01
63.62	0.01
63.63	0.01
63.64	0.01
63.65	0.01
63.66	0.01
63.67	0.01
63.68	0.01
63.69	0.01
63.7	0.01
63.71	0.01
63.72	0.01
63.73	0.01
63.74	0.01
63.75	0.01
63.76	0.01
63.77	0.01
63.78	0.01
63.79	0.01
63.8	0.01
63.81	0.01
63.82	0.01
63.83	0.01
63.84	0.01
63.85	0.01
63.86	0.01
63.87	0.01
63.88	0.01
63.89	0.01
63.9	0.01
63.91	0.01
63.92	0.01
63.93	0.01
63.94	0.01
63.95	0.01
63.96	0.01
63.97	0.01
63.98	0.01
63.99	0.01
