0.00119904	12.69
0.00263651	13.95
0.00436346	15.15
0.00643726	16.24
0.00893	17.34
0.0119243	18.44
0.0159622	19.51
0.02	20.56
0.0248485	21.91
0.029899	22.98
0.0349495	24.04
0.04	25.12
0.0460526	26.24
0.0530263	27.35
0.06	28.49
0.07	29.64
0.08	30.77
0.09	31.91
0.1	33.05
0.11	34.18
0.12	35.32
0.13	36.45
0.14	37.59
0.15	38.74
0.16	39.91
0.17	41.09
0.18	42.25
0.19	43.42
0.2	44.58
0.21	45.77
0.22	46.95
0.23	48.17
0.24	49.35
0.25	50.54
0.26	51.75
0.27	52.98
0.28	54.19
0.29	55.4
0.3	56.62
0.31	57.85
0.32	59.07
0.33	60.29
0.34	61.51
0.35	62.74
0.36	63.96
0.37	65.2
0.38	66.41
0.39	67.67
0.4	68.91
0.41	70.13
0.42	71.33
0.43	72.56
0.44	73.81
0.45	75.04
0.46	76.26
0.47	77.49
0.48	78.72
0.49	79.96
0.5	82.06
0.51	83.38
0.52	84.63
0.53	85.86
0.54	87.09
0.55	88.33
0.56	89.56
0.57	90.82
0.58	92.04
0.59	93.28
0.6	94.51
0.61	95.76
0.62	97
0.63	98.25
0.64	99.5
0.65	100.77
0.66	102.05
0.67	103.31
0.68	104.57
0.69	105.82
0.7	107.06
0.71	108.31
0.72	109.57
0.73	110.83
0.74	112.06
0.75	113.32
0.76	114.55
0.77	115.81
0.78	117.06
0.79	118.31
0.8	119.55
0.81	120.8
0.82	122.05
0.83	123.3
0.84	124.55
0.85	125.8
0.86	127.04
0.87	128.31
0.88	129.57
0.89	130.84
0.9	132.09
0.91	133.37
0.92	134.62
0.93	135.87
0.94	137.13
0.95	138.4
0.96	139.65
0.97	140.89
0.98	142.17
0.99	143.43
1	145.5
1.01	147.03
1.02	148.3
1.03	149.58
1.04	150.84
1.05	152.12
1.06	153.38
1.07	154.66
1.08	155.93
1.09	157.23
1.1	158.5
1.11	159.77
1.12	161.05
1.13	162.34
1.14	163.62
1.15	164.9
1.16	166.19
1.17	167.46
1.18	168.78
1.19	170.04
1.2	171.3
1.21	172.58
1.22	173.85
1.23	175.13
1.24	176.39
1.25	177.67
1.26	178.93
1.27	180.21
1.28	181.47
1.29	182.75
1.3	184.01
1.31	185.28
1.32	186.54
1.33	187.81
1.34	189.07
1.35	190.37
1.36	191.64
1.37	192.9
1.38	194.14
1.39	195.4
1.4	196.64
1.41	197.91
1.42	199.14
1.43	200.39
1.44	201.63
1.45	202.88
1.46	204.14
1.47	205.38
1.48	206.62
1.49	207.87
1.5	209.9
1.51	211.26
1.52	212.58
1.53	213.84
1.54	215.11
1.55	216.36
1.56	217.61
1.57	218.89
1.58	220.16
1.59	221.44
1.6	222.71
1.61	223.99
1.62	225.26
1.63	226.53
1.64	227.79
1.65	229.07
1.66	230.34
1.67	231.61
1.68	232.88
1.69	234.14
1.7	235.42
1.71	236.68
1.72	237.94
1.73	239.21
1.74	240.46
1.75	241.72
1.76	242.98
1.77	244.27
1.78	245.56
1.79	246.85
1.8	248.11
1.81	249.41
1.82	250.7
1.83	251.99
1.84	253.27
1.85	254.58
1.86	255.86
1.87	257.14
1.88	258.42
1.89	259.7
1.9	260.98
1.91	262.27
1.92	263.55
1.93	264.85
1.94	266.16
1.95	267.45
1.96	268.73
1.97	270.02
1.98	271.29
1.99	272.62
2	274.67
2.01	276.22
2.02	277.52
2.03	278.79
2.04	280.05
2.05	281.32
2.06	282.59
2.07	283.88
2.08	285.14
2.09	286.42
2.1	287.74
2.11	289.07
2.12	290.34
2.13	291.63
2.14	292.9
2.15	294.18
2.16	295.45
2.17	296.71
2.18	297.96
2.19	299.25
2.2	300.55
2.21	301.84
2.22	303.12
2.23	304.42
2.24	305.69
2.25	307.01
2.26	308.31
2.27	309.58
2.28	310.85
2.29	312.15
2.3	313.45
2.31	314.72
2.32	315.99
2.33	317.26
2.34	318.52
2.35	319.79
2.36	321.07
2.37	322.34
2.38	323.6
2.39	324.9
2.4	326.2
2.41	327.5
2.42	328.83
2.43	330.16
2.44	331.48
2.45	332.83
2.46	334.16
2.47	335.51
2.48	336.81
2.49	338.13
2.5	340.19
2.51	341.59
2.52	342.9
2.53	344.22
2.54	345.52
2.55	346.85
2.56	348.16
2.57	349.48
2.58	350.8
2.59	352.13
2.6	353.44
2.61	354.77
2.62	356.08
2.63	357.41
2.64	358.73
2.65	360.07
2.66	361.39
2.67	362.72
2.68	364.03
2.69	365.36
2.7	366.72
2.71	368.06
2.72	369.41
2.73	370.77
2.74	372.09
2.75	373.4
2.76	374.7
2.77	376.03
2.78	377.4
2.79	378.72
2.8	380.06
2.81	381.44
2.82	382.76
2.83	384.1
2.84	385.46
2.85	386.83
2.86	388.17
2.87	389.54
2.88	390.86
2.89	392.24
2.9	393.58
2.91	394.93
2.92	396.27
2.93	397.63
2.94	398.98
2.95	400.34
2.96	401.69
2.97	403.06
2.98	404.41
2.99	405.79
3	407.85
3.01	409.39
3.02	410.72
3.03	412.06
3.04	413.39
3.05	414.72
3.06	416.05
3.07	417.38
3.08	418.72
3.09	420.04
3.1	421.33
3.11	422.65
3.12	424.01
3.13	425.32
3.14	426.61
3.15	427.92
3.16	429.21
3.17	430.52
3.18	431.83
3.19	433.15
3.2	434.48
3.21	435.82
3.22	437.15
3.23	438.48
3.24	439.79
3.25	441.12
3.26	442.42
3.27	443.72
3.28	445.03
3.29	446.34
3.3	447.64
3.31	449.01
3.32	450.31
3.33	451.65
3.34	452.99
3.35	454.31
3.36	455.61
3.37	456.94
3.38	458.27
3.39	459.61
3.4	460.94
3.41	462.28
3.42	463.61
3.43	464.94
3.44	466.27
3.45	467.65
3.46	468.97
3.47	470.32
3.48	471.64
3.49	473.01
3.5	475.08
3.51	476.66
3.52	477.98
3.53	479.36
3.54	480.76
3.55	482.14
3.56	483.51
3.57	484.87
3.58	486.23
3.59	487.61
3.6	488.93
3.61	490.26
3.62	491.59
3.63	492.93
3.64	494.25
3.65	495.58
3.66	496.87
3.67	498.17
3.68	499.49
3.69	500.81
3.7	502.13
3.71	503.44
3.72	504.74
3.73	506.05
3.74	507.34
3.75	508.66
3.76	509.95
3.77	511.26
3.78	512.55
3.79	513.87
3.8	515.16
3.81	516.47
3.82	517.77
3.83	519.08
3.84	520.38
3.85	521.68
3.86	522.98
3.87	524.28
3.88	525.58
3.89	526.89
3.9	528.19
3.91	529.49
3.92	530.78
3.93	532.07
3.94	533.36
3.95	534.64
3.96	535.91
3.97	537.18
3.98	538.43
3.99	539.71
4	541.82
4.01	543.17
4.02	544.44
4.03	545.79
4.04	547.09
4.05	548.39
4.06	549.69
4.07	550.99
4.08	552.28
4.09	553.57
4.1	554.86
4.11	556.16
4.12	557.45
4.13	558.76
4.14	560.06
4.15	561.37
4.16	562.66
4.17	563.98
4.18	565.31
4.19	566.61
4.2	567.91
4.21	569.21
4.22	570.51
4.23	571.82
4.24	573.13
4.25	574.45
4.26	575.74
4.27	577.06
4.28	578.35
4.29	579.66
4.3	580.96
4.31	582.27
4.32	583.56
4.33	584.89
4.34	586.2
4.35	587.51
4.36	588.82
4.37	590.13
4.38	591.42
4.39	592.73
4.4	594.03
4.41	595.34
4.42	596.64
4.43	597.94
4.44	599.23
4.45	600.58
4.46	601.85
4.47	603.16
4.48	604.45
4.49	605.8
4.5	607.92
4.51	609.32
4.52	610.66
4.53	611.98
4.54	613.3
4.55	614.61
4.56	615.92
4.57	617.27
4.58	618.61
4.59	619.94
4.6	621.26
4.61	622.56
4.62	623.87
4.63	625.14
4.64	626.44
4.65	627.72
4.66	628.99
4.67	630.29
4.68	631.59
4.69	632.9
4.7	634.19
4.71	635.5
4.72	636.8
4.73	638.11
4.74	639.41
4.75	640.71
4.76	642.01
4.77	643.39
4.78	644.76
4.79	646.12
4.8	647.46
4.81	648.76
4.82	650.06
4.83	651.36
4.84	652.67
4.85	653.97
4.86	655.25
4.87	656.56
4.88	657.86
4.89	659.16
4.9	660.46
4.91	661.77
4.92	663.1
4.93	664.44
4.94	665.75
4.95	667.05
4.96	668.35
4.97	669.66
4.98	670.95
4.99	672.25
5	674.26
5.01	675.68
5.02	676.99
5.03	678.29
5.04	679.58
5.05	680.88
5.06	682.17
5.07	683.44
5.08	684.69
5.09	685.96
5.1	687.22
5.11	688.51
5.12	689.77
5.13	691.04
5.14	692.3
5.15	693.57
5.16	694.83
5.17	696.12
5.18	697.38
5.19	698.65
5.2	699.92
5.21	701.19
5.22	702.46
5.23	703.73
5.24	704.99
5.25	706.27
5.26	707.54
5.27	708.81
5.28	710.08
5.29	711.34
5.3	712.61
5.31	713.89
5.32	715.15
5.33	716.41
5.34	717.67
5.35	718.93
5.36	720.2
5.37	721.46
5.38	722.71
5.39	723.98
5.4	725.27
5.41	726.57
5.42	727.86
5.43	729.17
5.44	730.47
5.45	731.78
5.46	733.08
5.47	734.38
5.48	735.67
5.49	736.99
5.5	739.04
5.51	740.41
5.52	741.75
5.53	743.06
5.54	744.35
5.55	745.66
5.56	746.98
5.57	748.33
5.58	749.65
5.59	751.03
5.6	752.36
5.61	753.69
5.62	755.01
5.63	756.34
5.64	757.68
5.65	759
5.66	760.38
5.67	761.73
5.68	763.04
5.69	764.37
5.7	765.69
5.71	767
5.72	768.31
5.73	769.63
5.74	770.98
5.75	772.31
5.76	773.63
5.77	774.93
5.78	776.25
5.79	777.54
5.8	778.83
5.81	780.14
5.82	781.46
5.83	782.77
5.84	784.06
5.85	785.37
5.86	786.67
5.87	787.95
5.88	789.22
5.89	790.52
5.9	791.81
5.91	793.12
5.92	794.42
5.93	795.73
5.94	797.03
5.95	798.32
5.96	799.62
5.97	800.96
5.98	802.26
5.99	803.57
6	805.64
6.01	807.02
6.02	808.34
6.03	809.65
6.04	810.95
6.05	812.25
6.06	813.55
6.07	814.86
6.08	816.15
6.09	817.46
6.1	818.78
6.11	820.08
6.12	821.38
6.13	822.67
6.14	823.97
6.15	825.29
6.16	826.59
6.17	827.89
6.18	829.19
6.19	830.49
6.2	831.79
6.21	833.1
6.22	834.39
6.23	835.7
6.24	836.97
6.25	838.24
6.26	839.5
6.27	840.82
6.28	842.11
6.29	843.42
6.3	844.71
6.31	846.02
6.32	847.31
6.33	848.65
6.34	849.93
6.35	851.23
6.36	852.52
6.37	853.83
6.38	855.11
6.39	856.4
6.4	857.69
6.41	858.99
6.42	860.3
6.43	861.63
6.44	862.91
6.45	864.25
6.46	865.53
6.47	866.85
6.48	868.16
6.49	869.46
6.5	871.54
6.51	872.97
6.52	874.31
6.53	875.68
6.54	877.02
6.55	878.38
6.56	879.74
6.57	881.12
6.58	882.49
6.59	883.86
6.6	885.24
6.61	886.57
6.62	887.9
6.63	889.25
6.64	890.55
6.65	891.9
6.66	893.23
6.67	894.56
6.68	895.86
6.69	897.16
6.7	898.45
6.71	899.76
6.72	901.07
6.73	902.38
6.74	903.68
6.75	905
6.76	906.31
6.77	907.61
6.78	908.91
6.79	910.22
6.8	911.52
6.81	912.82
6.82	914.12
6.83	915.43
6.84	916.74
6.85	918.06
6.86	919.36
6.87	920.69
6.88	922.04
6.89	923.43
6.9	924.77
6.91	926.11
6.92	927.43
6.93	928.77
6.94	930.1
6.95	931.43
6.96	932.79
6.97	934.16
6.98	935.52
6.99	936.86
7	938.91
7.01	940.34
7.02	941.72
7.03	943.06
7.04	944.38
7.05	945.71
7.06	947.02
7.07	948.33
7.08	949.64
7.09	950.95
7.1	952.26
7.11	953.57
7.12	954.88
7.13	956.22
7.14	957.53
7.15	958.85
7.16	960.14
7.17	961.46
7.18	962.77
7.19	964.09
7.2	965.4
7.21	966.73
7.22	968.06
7.23	969.41
7.24	970.75
7.25	972.11
7.26	973.48
7.27	974.84
7.28	976.21
7.29	977.58
7.3	978.94
7.31	980.31
7.32	981.66
7.33	983.02
7.34	984.36
7.35	985.71
7.36	987.06
7.37	988.41
7.38	989.76
7.39	991.07
7.4	992.39
7.41	993.71
7.42	995.05
7.43	996.41
7.44	997.76
7.45	999.1
7.46	1000.46
7.47	1001.84
7.48	1003.19
7.49	1004.57
7.5	1006.66
7.51	1008.1
7.52	1009.46
7.53	1010.84
7.54	1012.19
7.55	1013.56
7.56	1014.91
7.57	1016.28
7.58	1017.63
7.59	1018.95
7.6	1020.25
7.61	1021.59
7.62	1022.92
7.63	1024.23
7.64	1025.55
7.65	1026.87
7.66	1028.15
7.67	1029.5
7.68	1030.8
7.69	1032.09
7.7	1033.36
7.71	1034.66
7.72	1035.94
7.73	1037.23
7.74	1038.51
7.75	1039.8
7.76	1041.08
7.77	1042.37
7.78	1043.65
7.79	1044.95
7.8	1046.23
7.81	1047.51
7.82	1048.79
7.83	1050.09
7.84	1051.37
7.85	1052.65
7.86	1053.93
7.87	1055.23
7.88	1056.5
7.89	1057.79
7.9	1059.09
7.91	1060.39
7.92	1061.66
7.93	1062.95
7.94	1064.24
7.95	1065.53
7.96	1066.81
7.97	1068.09
7.98	1069.37
7.99	1070.7
8	1072.76
8.01	1074.2
8.02	1075.52
8.03	1076.82
8.04	1078.1
8.05	1079.43
8.06	1080.74
8.07	1082.04
8.08	1083.37
8.09	1084.68
8.1	1086
8.11	1087.3
8.12	1088.6
8.13	1089.91
8.14	1091.21
8.15	1092.54
8.16	1093.84
8.17	1095.15
8.18	1096.43
8.19	1097.75
8.2	1099.04
8.21	1100.35
8.22	1101.68
8.23	1103
8.24	1104.29
8.25	1105.6
8.26	1106.9
8.27	1108.2
8.28	1109.49
8.29	1110.82
8.3	1112.16
8.31	1113.51
8.32	1114.82
8.33	1116.16
8.34	1117.49
8.35	1118.84
8.36	1120.18
8.37	1121.54
8.38	1122.87
8.39	1124.16
8.4	1125.5
8.41	1126.82
8.42	1128.12
8.43	1129.43
8.44	1130.72
8.45	1132.08
8.46	1133.42
8.47	1134.76
8.48	1136.09
8.49	1137.44
8.5	1139.51
8.51	1140.98
8.52	1142.34
8.53	1143.68
8.54	1145.02
8.55	1146.36
8.56	1147.67
8.57	1149
8.58	1150.33
8.59	1151.66
8.6	1153
8.61	1154.33
8.62	1155.66
8.63	1157.03
8.64	1158.38
8.65	1159.78
8.66	1161.19
8.67	1162.58
8.68	1163.97
8.69	1165.34
8.7	1166.69
8.71	1168.01
8.72	1169.32
8.73	1170.72
8.74	1172.08
8.75	1173.42
8.76	1174.75
8.77	1176.05
8.78	1177.34
8.79	1178.65
8.8	1179.94
8.81	1181.28
8.82	1182.61
8.83	1183.92
8.84	1185.19
8.85	1186.46
8.86	1187.75
8.87	1189.05
8.88	1190.35
8.89	1191.66
8.9	1192.96
8.91	1194.26
8.92	1195.57
8.93	1196.87
8.94	1198.16
8.95	1199.48
8.96	1200.78
8.97	1202.12
8.98	1203.45
8.99	1204.75
9	1206.73
9.01	1208.12
9.02	1209.46
9.03	1210.81
9.04	1212.12
9.05	1213.46
9.06	1214.8
9.07	1216.17
9.08	1217.51
9.09	1218.85
9.1	1220.17
9.11	1221.51
9.12	1222.84
9.13	1224.18
9.14	1225.54
9.15	1226.92
9.16	1228.28
9.17	1229.62
9.18	1230.94
9.19	1232.29
9.2	1233.63
9.21	1234.95
9.22	1236.25
9.23	1237.55
9.24	1238.85
9.25	1240.15
9.26	1241.45
9.27	1242.76
9.28	1244.06
9.29	1245.36
9.3	1246.67
9.31	1247.97
9.32	1249.27
9.33	1250.58
9.34	1251.86
9.35	1253.15
9.36	1254.42
9.37	1255.71
9.38	1257
9.39	1258.29
9.4	1259.58
9.41	1260.85
9.42	1262.1
9.43	1263.37
9.44	1264.62
9.45	1265.89
9.46	1267.16
9.47	1268.44
9.48	1269.72
9.49	1271
9.5	1273.02
9.51	1274.4
9.52	1275.69
9.53	1276.98
9.54	1278.26
9.55	1279.55
9.56	1280.82
9.57	1282.16
9.58	1283.44
9.59	1284.76
9.6	1286.04
9.61	1287.33
9.62	1288.61
9.63	1289.89
9.64	1291.18
9.65	1292.5
9.66	1293.8
9.67	1295.09
9.68	1296.36
9.69	1297.66
9.7	1298.95
9.71	1300.23
9.72	1301.49
9.73	1302.81
9.74	1304.1
9.75	1305.41
9.76	1306.7
9.77	1308
9.78	1309.3
9.79	1310.6
9.8	1311.93
9.81	1313.23
9.82	1314.53
9.83	1315.82
9.84	1317.13
9.85	1318.43
9.86	1319.73
9.87	1321.02
9.88	1322.33
9.89	1323.63
9.9	1324.91
9.91	1326.19
9.92	1327.47
9.93	1328.77
9.94	1330.05
9.95	1331.33
9.96	1332.65
9.97	1333.94
9.98	1335.22
9.99	1336.53
10	1338.61
10.01	1340.02
10.02	1341.33
10.03	1342.63
10.04	1343.91
10.05	1345.19
10.06	1346.49
10.07	1347.76
10.08	1349.04
10.09	1350.33
10.1	1351.6
10.11	1352.88
10.12	1354.16
10.13	1355.44
10.14	1356.71
10.15	1357.98
10.16	1359.25
10.17	1360.54
10.18	1361.84
10.19	1363.13
10.2	1364.4
10.21	1365.68
10.22	1366.97
10.23	1368.27
10.24	1369.58
10.25	1370.89
10.26	1372.18
10.27	1373.49
10.28	1374.79
10.29	1376.09
10.3	1377.38
10.31	1378.69
10.32	1379.99
10.33	1381.28
10.34	1382.59
10.35	1383.89
10.36	1385.18
10.37	1386.49
10.38	1387.85
10.39	1389.18
10.4	1390.51
10.41	1391.85
10.42	1393.19
10.43	1394.55
10.44	1395.93
10.45	1397.34
10.46	1398.7
10.47	1400.08
10.48	1401.42
10.49	1402.78
10.5	1404.79
10.51	1406.39
10.52	1407.74
10.53	1409.07
10.54	1410.39
10.55	1411.74
10.56	1413.09
10.57	1414.42
10.58	1415.74
10.59	1417.09
10.6	1418.42
10.61	1419.75
10.62	1421.07
10.63	1422.44
10.64	1423.76
10.65	1425.12
10.66	1426.48
10.67	1427.83
10.68	1429.13
10.69	1430.47
10.7	1431.78
10.71	1433.09
10.72	1434.4
10.73	1435.72
10.74	1437.02
10.75	1438.33
10.76	1439.63
10.77	1440.98
10.78	1442.29
10.79	1443.62
10.8	1444.93
10.81	1446.28
10.82	1447.59
10.83	1448.95
10.84	1450.26
10.85	1451.58
10.86	1452.89
10.87	1454.21
10.88	1455.52
10.89	1456.84
10.9	1458.15
10.91	1459.46
10.92	1460.78
10.93	1462.1
10.94	1463.42
10.95	1464.76
10.96	1466.1
10.97	1467.47
10.98	1468.82
10.99	1470.17
11	1472.23
11.01	1473.62
11.02	1474.98
11.03	1476.31
11.04	1477.65
11.05	1478.98
11.06	1480.31
11.07	1481.64
11.08	1482.96
11.09	1484.3
11.1	1485.62
11.11	1486.98
11.12	1488.29
11.13	1489.64
11.14	1490.99
11.15	1492.32
11.16	1493.65
11.17	1494.99
11.18	1496.32
11.19	1497.66
11.2	1498.98
11.21	1500.32
11.22	1501.64
11.23	1502.98
11.24	1504.32
11.25	1505.64
11.26	1506.95
11.27	1508.28
11.28	1509.59
11.29	1510.9
11.3	1512.2
11.31	1513.52
11.32	1514.82
11.33	1516.13
11.34	1517.45
11.35	1518.77
11.36	1520.13
11.37	1521.48
11.38	1522.83
11.39	1524.17
11.4	1525.51
11.41	1526.87
11.42	1528.22
11.43	1529.57
11.44	1530.91
11.45	1532.26
11.46	1533.63
11.47	1535
11.48	1536.36
11.49	1537.72
11.5	1539.76
11.51	1541.49
11.52	1542.87
11.53	1544.23
11.54	1545.62
11.55	1547
11.56	1548.38
11.57	1549.76
11.58	1551.14
11.59	1552.51
11.6	1553.85
11.61	1555.19
11.62	1556.52
11.63	1557.85
11.64	1559.16
11.65	1560.5
11.66	1561.79
11.67	1563.09
11.68	1564.39
11.69	1565.69
11.7	1566.98
11.71	1568.29
11.72	1569.58
11.73	1570.88
11.74	1572.17
11.75	1573.48
11.76	1574.78
11.77	1576.08
11.78	1577.38
11.79	1578.68
11.8	1579.98
11.81	1581.27
11.82	1582.58
11.83	1583.88
11.84	1585.18
11.85	1586.48
11.86	1587.78
11.87	1589.09
11.88	1590.38
11.89	1591.69
11.9	1593
11.91	1594.3
11.92	1595.58
11.93	1596.88
11.94	1598.18
11.95	1599.48
11.96	1600.77
11.97	1602.08
11.98	1603.38
11.99	1604.68
12	1606.73
12.01	1608.12
12.02	1609.44
12.03	1610.74
12.04	1612.04
12.05	1613.34
12.06	1614.64
12.07	1615.94
12.08	1617.24
12.09	1618.53
12.1	1619.82
12.11	1621.11
12.12	1622.4
12.13	1623.7
12.14	1625.01
12.15	1626.32
12.16	1627.6
12.17	1628.91
12.18	1630.2
12.19	1631.51
12.2	1632.81
12.21	1634.11
12.22	1635.41
12.23	1636.71
12.24	1638.02
12.25	1639.32
12.26	1640.61
12.27	1641.91
12.28	1643.22
12.29	1644.53
12.3	1645.82
12.31	1647.14
12.32	1648.43
12.33	1649.74
12.34	1651.04
12.35	1652.35
12.36	1653.64
12.37	1654.95
12.38	1656.24
12.39	1657.55
12.4	1658.85
12.41	1660.2
12.42	1661.52
12.43	1662.86
12.44	1664.19
12.45	1665.52
12.46	1666.85
12.47	1668.18
12.48	1669.52
12.49	1670.86
12.5	1672.85
12.51	1674.79
12.52	1676.12
12.53	1677.44
12.54	1678.74
12.55	1680.08
12.56	1681.38
12.57	1682.69
12.58	1684.04
12.59	1685.42
12.6	1686.75
12.61	1688.04
12.62	1689.33
12.63	1690.64
12.64	1691.93
12.65	1693.23
12.66	1694.53
12.67	1695.84
12.68	1697.13
12.69	1698.44
12.7	1699.74
12.71	1701.04
12.72	1702.34
12.73	1703.65
12.74	1704.98
12.75	1706.32
12.76	1707.67
12.77	1709.02
12.78	1710.34
12.79	1711.71
12.8	1713.04
12.81	1714.38
12.82	1715.71
12.83	1717.01
12.84	1718.3
12.85	1719.61
12.86	1720.91
12.87	1722.26
12.88	1723.59
12.89	1724.92
12.9	1726.24
12.91	1727.57
12.92	1728.91
12.93	1730.23
12.94	1731.59
12.95	1732.92
12.96	1734.21
12.97	1735.55
12.98	1736.88
12.99	1738.21
13	1740.23
13.01	1741.63
13.02	1742.95
13.03	1744.24
13.04	1745.53
13.05	1746.84
13.06	1748.11
13.07	1749.41
13.08	1750.69
13.09	1751.99
13.1	1753.3
13.11	1754.6
13.12	1755.91
13.13	1757.21
13.14	1758.51
13.15	1759.82
13.16	1761.11
13.17	1762.41
13.18	1763.71
13.19	1765.02
13.2	1766.35
13.21	1767.66
13.22	1768.95
13.23	1770.22
13.24	1771.48
13.25	1772.77
13.26	1774.06
13.27	1775.36
13.28	1776.66
13.29	1777.97
13.3	1779.26
13.31	1780.55
13.32	1781.84
13.33	1783.14
13.34	1784.43
13.35	1785.72
13.36	1787.02
13.37	1788.31
13.38	1789.6
13.39	1790.89
13.4	1792.18
13.41	1793.48
13.42	1794.77
13.43	1796.07
13.44	1797.36
13.45	1798.66
13.46	1799.96
13.47	1801.25
13.48	1802.54
13.49	1803.86
13.5	1805.89
13.51	1807.3
13.52	1808.59
13.53	1809.91
13.54	1811.24
13.55	1812.58
13.56	1813.9
13.57	1815.24
13.58	1816.56
13.59	1817.91
13.6	1819.23
13.61	1820.57
13.62	1821.88
13.63	1823.21
13.64	1824.53
13.65	1825.89
13.66	1827.24
13.67	1828.57
13.68	1829.92
13.69	1831.25
13.7	1832.55
13.71	1833.88
13.72	1835.18
13.73	1836.51
13.74	1837.81
13.75	1839.13
13.76	1840.47
13.77	1841.8
13.78	1843.12
13.79	1844.43
13.8	1845.71
13.81	1847.04
13.82	1848.33
13.83	1849.62
13.84	1850.92
13.85	1852.22
13.86	1853.52
13.87	1854.83
13.88	1856.13
13.89	1857.44
13.9	1858.74
13.91	1860.04
13.92	1861.33
13.93	1862.64
13.94	1863.94
13.95	1865.24
13.96	1866.55
13.97	1867.87
13.98	1869.15
13.99	1870.46
14	1872.36
14.01	1874.86
14.02	1876.16
14.03	1877.46
14.04	1878.76
14.05	1880.06
14.06	1881.36
14.07	1882.67
14.08	1883.96
14.09	1885.27
14.1	1886.57
14.11	1887.87
14.12	1889.16
14.13	1890.47
14.14	1891.77
14.15	1893.07
14.16	1894.38
14.17	1895.68
14.18	1896.97
14.19	1898.28
14.2	1899.57
14.21	1900.87
14.22	1902.17
14.23	1903.48
14.24	1904.78
14.25	1906.09
14.26	1907.38
14.27	1908.68
14.28	1909.98
14.29	1911.28
14.3	1912.58
14.31	1913.89
14.32	1915.19
14.33	1916.48
14.34	1917.78
14.35	1919.08
14.36	1920.37
14.37	1921.67
14.38	1922.96
14.39	1924.25
14.4	1925.55
14.41	1926.84
14.42	1928.15
14.43	1929.46
14.44	1930.74
14.45	1932.07
14.46	1933.39
14.47	1934.73
14.48	1936.05
14.49	1937.39
14.5	1939.51
14.51	1940.93
14.52	1942.3
14.53	1943.64
14.54	1945
14.55	1946.38
14.56	1947.75
14.57	1949.11
14.58	1950.45
14.59	1951.81
14.6	1953.16
14.61	1954.53
14.62	1955.88
14.63	1957.22
14.64	1958.57
14.65	1959.87
14.66	1961.16
14.67	1962.47
14.68	1963.76
14.69	1965.07
14.7	1966.37
14.71	1967.67
14.72	1968.98
14.73	1970.27
14.74	1971.58
14.75	1972.91
14.76	1974.22
14.77	1975.51
14.78	1976.82
14.79	1978.12
14.8	1979.43
14.81	1980.73
14.82	1982.03
14.83	1983.36
14.84	1984.65
14.85	1985.97
14.86	1987.28
14.87	1988.65
14.88	1989.98
14.89	1991.34
14.9	1992.7
14.91	1994.05
14.92	1995.39
14.93	1996.79
14.94	1998.13
14.95	1999.48
14.96	2000.85
14.97	2002.21
14.98	2003.55
14.99	2004.94
15	2007.04
15.01	2008.51
15.02	2009.89
15.03	2011.23
15.04	2012.57
15.05	2013.91
15.06	2015.22
15.07	2016.55
15.08	2017.85
15.09	2019.18
15.1	2020.49
15.11	2021.82
15.12	2023.15
15.13	2024.48
15.14	2025.8
15.15	2027.13
15.16	2028.44
15.17	2029.75
15.18	2031.07
15.19	2032.37
15.2	2033.68
15.21	2035.01
15.22	2036.38
15.23	2037.71
15.24	2039.06
15.25	2040.42
15.26	2041.77
15.27	2043.12
15.28	2044.48
15.29	2045.84
15.3	2047.2
15.31	2048.56
15.32	2049.91
15.33	2051.27
15.34	2052.66
15.35	2054.01
15.36	2055.34
15.37	2056.68
15.38	2058.02
15.39	2059.37
15.4	2060.72
15.41	2062.07
15.42	2063.41
15.43	2064.77
15.44	2066.1
15.45	2067.46
15.46	2068.81
15.47	2070.21
15.48	2071.57
15.49	2072.94
15.5	2075.14
15.51	2076.64
15.52	2078
15.53	2079.37
15.54	2080.73
15.55	2082.1
15.56	2083.47
15.57	2084.83
15.58	2086.16
15.59	2087.47
15.6	2088.77
15.61	2090.09
15.62	2091.45
15.63	2092.78
15.64	2094.09
15.65	2095.42
15.66	2096.7
15.67	2097.98
15.68	2099.26
15.69	2100.55
15.7	2101.84
15.71	2103.13
15.72	2104.42
15.73	2105.72
15.74	2106.99
15.75	2108.29
15.76	2109.56
15.77	2110.84
15.78	2112.13
15.79	2113.41
15.8	2114.7
15.81	2115.99
15.82	2117.27
15.83	2118.56
15.84	2119.85
15.85	2121.13
15.86	2122.42
15.87	2123.7
15.88	2124.98
15.89	2126.28
15.9	2127.56
15.91	2128.85
15.92	2130.13
15.93	2131.42
15.94	2132.7
15.95	2133.99
15.96	2135.27
15.97	2136.56
15.98	2137.84
15.99	2139.13
16	2141.13
16.01	2142.52
16.02	2143.81
16.03	2145.1
16.04	2146.38
16.05	2147.7
16.06	2149.01
16.07	2150.38
16.08	2151.73
16.09	2153.07
16.1	2154.4
16.11	2155.74
16.12	2157.04
16.13	2158.35
16.14	2159.68
16.15	2161
16.16	2162.29
16.17	2163.58
16.18	2164.87
16.19	2166.17
16.2	2167.46
16.21	2168.76
16.22	2170.07
16.23	2171.37
16.24	2172.67
16.25	2173.97
16.26	2175.27
16.27	2176.57
16.28	2177.87
16.29	2179.18
16.3	2180.47
16.31	2181.8
16.32	2183.13
16.33	2184.46
16.34	2185.79
16.35	2187.12
16.36	2188.49
16.37	2189.86
16.38	2191.18
16.39	2192.54
16.4	2193.84
16.41	2195.13
16.42	2196.42
16.43	2197.71
16.44	2199.01
16.45	2200.33
16.46	2201.65
16.47	2202.98
16.48	2204.31
16.49	2205.66
16.5	2207.79
16.51	2209.24
16.52	2210.64
16.53	2211.99
16.54	2213.31
16.55	2214.68
16.56	2216.01
16.57	2217.35
16.58	2218.67
16.59	2220.01
16.6	2221.34
16.61	2222.67
16.62	2224.05
16.63	2225.38
16.64	2226.74
16.65	2228.13
16.66	2229.51
16.67	2230.86
16.68	2232.2
16.69	2233.55
16.7	2234.9
16.71	2236.22
16.72	2237.56
16.73	2238.92
16.74	2240.27
16.75	2241.62
16.76	2242.95
16.77	2244.25
16.78	2245.55
16.79	2246.85
16.8	2248.15
16.81	2249.46
16.82	2250.76
16.83	2252.06
16.84	2253.36
16.85	2254.66
16.86	2255.96
16.87	2257.26
16.88	2258.56
16.89	2259.86
16.9	2261.16
16.91	2262.46
16.92	2263.76
16.93	2265.06
16.94	2266.37
16.95	2267.7
16.96	2268.99
16.97	2270.29
16.98	2271.6
16.99	2272.9
17	2274.89
17.01	2276.28
17.02	2277.61
17.03	2278.93
17.04	2280.27
17.05	2281.6
17.06	2282.93
17.07	2284.27
17.08	2285.6
17.09	2286.94
17.1	2288.25
17.11	2289.59
17.12	2290.91
17.13	2292.25
17.14	2293.58
17.15	2294.91
17.16	2296.24
17.17	2297.58
17.18	2298.91
17.19	2300.24
17.2	2301.59
17.21	2302.94
17.22	2304.25
17.23	2305.55
17.24	2306.85
17.25	2308.16
17.26	2309.46
17.27	2310.78
17.28	2312.08
17.29	2313.39
17.3	2314.69
17.31	2316.02
17.32	2317.32
17.33	2318.63
17.34	2319.92
17.35	2321.24
17.36	2322.52
17.37	2323.83
17.38	2325.11
17.39	2326.4
17.4	2327.71
17.41	2329.03
17.42	2330.3
17.43	2331.57
17.44	2332.83
17.45	2334.1
17.46	2335.35
17.47	2336.64
17.48	2337.94
17.49	2339.25
17.5	2341.29
17.51	2342.77
17.52	2344.13
17.53	2345.47
17.54	2346.74
17.55	2348.04
17.56	2349.31
17.57	2350.6
17.58	2351.88
17.59	2353.18
17.6	2354.47
17.61	2355.75
17.62	2357.04
17.63	2358.32
17.64	2359.6
17.65	2360.92
17.66	2362.22
17.67	2363.52
17.68	2364.82
17.69	2366.13
17.7	2367.43
17.71	2368.73
17.72	2370.04
17.73	2371.34
17.74	2372.62
17.75	2373.92
17.76	2375.2
17.77	2376.51
17.78	2377.8
17.79	2379.11
17.8	2380.4
17.81	2381.7
17.82	2383
17.83	2384.32
17.84	2385.61
17.85	2386.92
17.86	2388.21
17.87	2389.52
17.88	2390.82
17.89	2392.14
17.9	2393.45
17.91	2394.74
17.92	2396.02
17.93	2397.31
17.94	2398.59
17.95	2399.88
17.96	2401.18
17.97	2402.49
17.98	2403.8
17.99	2405.09
18	2407.17
18.01	2408.54
18.02	2409.85
18.03	2411.15
18.04	2412.44
18.05	2413.74
18.06	2415.03
18.07	2416.31
18.08	2417.58
18.09	2418.9
18.1	2420.21
18.11	2421.52
18.12	2422.79
18.13	2424.1
18.14	2425.41
18.15	2426.69
18.16	2427.96
18.17	2429.24
18.18	2430.52
18.19	2431.8
18.2	2433.1
18.21	2434.38
18.22	2435.69
18.23	2437.01
18.24	2438.3
18.25	2439.59
18.26	2440.88
18.27	2442.19
18.28	2443.48
18.29	2444.78
18.3	2446.08
18.31	2447.38
18.32	2448.68
18.33	2450.01
18.34	2451.31
18.35	2452.61
18.36	2453.91
18.37	2455.22
18.38	2456.52
18.39	2457.84
18.4	2459.16
18.41	2460.49
18.42	2461.84
18.43	2463.21
18.44	2464.57
18.45	2465.95
18.46	2467.31
18.47	2468.69
18.48	2470.03
18.49	2471.39
18.5	2473.46
18.51	2474.89
18.52	2476.25
18.53	2477.59
18.54	2478.91
18.55	2480.26
18.56	2481.58
18.57	2482.92
18.58	2484.25
18.59	2485.58
18.6	2486.91
18.61	2488.23
18.62	2489.58
18.63	2490.91
18.64	2492.22
18.65	2493.58
18.66	2494.94
18.67	2496.28
18.68	2497.63
18.69	2498.98
18.7	2500.29
18.71	2501.61
18.72	2502.93
18.73	2504.25
18.74	2505.55
18.75	2506.88
18.76	2508.19
18.77	2509.51
18.78	2510.83
18.79	2512.15
18.8	2513.46
18.81	2514.82
18.82	2516.13
18.83	2517.48
18.84	2518.8
18.85	2520.12
18.86	2521.43
18.87	2522.75
18.88	2524.06
18.89	2525.39
18.9	2526.7
18.91	2528.02
18.92	2529.35
18.93	2530.67
18.94	2532
18.95	2533.33
18.96	2534.66
18.97	2536.04
18.98	2537.4
18.99	2538.76
19	2540.79
19.01	2542.2
19.02	2543.55
19.03	2544.88
19.04	2546.2
19.05	2547.54
19.06	2548.86
19.07	2550.21
19.08	2551.54
19.09	2552.87
19.1	2554.2
19.11	2555.55
19.12	2556.86
19.13	2558.21
19.14	2559.56
19.15	2560.91
19.16	2562.25
19.17	2563.62
19.18	2564.95
19.19	2566.29
19.2	2567.61
19.21	2568.94
19.22	2570.27
19.23	2571.61
19.24	2572.96
19.25	2574.29
19.26	2575.59
19.27	2576.91
19.28	2578.23
19.29	2579.55
19.3	2580.85
19.31	2582.16
19.32	2583.47
19.33	2584.78
19.34	2586.12
19.35	2587.48
19.36	2588.81
19.37	2590.17
19.38	2591.55
19.39	2592.91
19.4	2594.27
19.41	2595.64
19.42	2597.01
19.43	2598.37
19.44	2599.71
19.45	2601.07
19.46	2602.41
19.47	2603.76
19.48	2605.12
19.49	2606.49
19.5	2608.58
19.51	2610.01
19.52	2611.4
19.53	2612.78
19.54	2614.13
19.55	2615.53
19.56	2616.89
19.57	2618.25
19.58	2619.62
19.59	2621
19.6	2622.35
19.61	2623.72
19.62	2625.05
19.63	2626.4
19.64	2627.7
19.65	2629.02
19.66	2630.32
19.67	2631.62
19.68	2632.91
19.69	2634.22
19.7	2635.51
19.71	2636.83
19.72	2638.16
19.73	2639.46
19.74	2640.75
19.75	2642.07
19.76	2643.35
19.77	2644.67
19.78	2645.96
19.79	2647.3
19.8	2648.63
19.81	2649.97
19.82	2651.27
19.83	2652.57
19.84	2653.86
19.85	2655.16
19.86	2656.46
19.87	2657.77
19.88	2659.06
19.89	2660.38
19.9	2661.68
19.91	2662.97
19.92	2664.26
19.93	2665.56
19.94	2666.85
19.95	2668.16
19.96	2669.46
19.97	2670.76
19.98	2672.06
19.99	2673.37
20	2675.59
20.01	2677.8
20.02	2679.13
20.03	2680.43
20.04	2681.73
20.05	2683.05
20.06	2684.34
20.07	2685.64
20.08	2686.94
20.09	2688.23
20.1	2689.53
20.11	2690.82
20.12	2692.11
20.13	2693.4
20.14	2694.69
20.15	2695.99
20.16	2697.29
20.17	2698.59
20.18	2699.87
20.19	2701.18
20.2	2702.46
20.21	2703.76
20.22	2705.06
20.23	2706.41
20.24	2707.7
20.25	2709
20.26	2710.3
20.27	2711.61
20.28	2712.94
20.29	2714.26
20.3	2715.57
20.31	2716.87
20.32	2718.17
20.33	2719.48
20.34	2720.77
20.35	2722.08
20.36	2723.38
20.37	2724.69
20.38	2725.99
20.39	2727.3
20.4	2728.63
20.41	2729.96
20.42	2731.3
20.43	2732.63
20.44	2733.96
20.45	2735.29
20.46	2736.63
20.47	2737.96
20.48	2739.29
20.49	2740.63
20.5	2742.69
20.51	2744.19
20.52	2745.54
20.53	2746.86
20.54	2748.16
20.55	2749.46
20.56	2750.77
20.57	2752.09
20.58	2753.43
20.59	2754.82
20.6	2756.14
20.61	2757.46
20.62	2758.79
20.63	2760.1
20.64	2761.4
20.65	2762.71
20.66	2764
20.67	2765.3
20.68	2766.61
20.69	2767.91
20.7	2769.21
20.71	2770.51
20.72	2771.81
20.73	2773.15
20.74	2774.48
20.75	2775.81
20.76	2777.15
20.77	2778.5
20.78	2779.83
20.79	2781.17
20.8	2782.49
20.81	2783.83
20.82	2785.16
20.83	2786.47
20.84	2787.76
20.85	2789.1
20.86	2790.43
20.87	2791.77
20.88	2793.1
20.89	2794.43
20.9	2795.75
20.91	2797.09
20.92	2798.42
20.93	2799.75
20.94	2801.09
20.95	2802.42
20.96	2803.75
20.97	2805.08
20.98	2806.42
20.99	2807.75
21	2809.79
21.01	2811.47
21.02	2812.75
21.03	2814.06
21.04	2815.34
21.05	2816.65
21.06	2817.93
21.07	2819.23
21.08	2820.52
21.09	2821.82
21.1	2823.11
21.11	2824.4
21.12	2825.69
21.13	2827
21.14	2828.29
21.15	2829.59
21.16	2830.89
21.17	2832.18
21.18	2833.46
21.19	2834.76
21.2	2836.05
21.21	2837.36
21.22	2838.65
21.23	2839.95
21.24	2841.25
21.25	2842.58
21.26	2843.87
21.27	2845.18
21.28	2846.47
21.29	2847.77
21.3	2849.06
21.31	2850.35
21.32	2851.64
21.33	2852.93
21.34	2854.23
21.35	2855.52
21.36	2856.81
21.37	2858.11
21.38	2859.4
21.39	2860.7
21.4	2862
21.41	2863.28
21.42	2864.58
21.43	2865.89
21.44	2867.18
21.45	2868.49
21.46	2869.78
21.47	2871.09
21.48	2872.37
21.49	2873.67
21.5	2875.74
21.51	2877.11
21.52	2878.4
21.53	2879.69
21.54	2881
21.55	2882.33
21.56	2883.68
21.57	2885.01
21.58	2886.34
21.59	2887.67
21.6	2888.99
21.61	2890.32
21.62	2891.64
21.63	2892.97
21.64	2894.3
21.65	2895.67
21.66	2897
21.67	2898.34
21.68	2899.63
21.69	2900.96
21.7	2902.28
21.71	2903.59
21.72	2904.9
21.73	2906.21
21.74	2907.52
21.75	2908.83
21.76	2910.15
21.77	2911.5
21.78	2912.82
21.79	2914.15
21.8	2915.43
21.81	2916.73
21.82	2918.02
21.83	2919.33
21.84	2920.63
21.85	2921.93
21.86	2923.23
21.87	2924.53
21.88	2925.83
21.89	2927.15
21.9	2928.45
21.91	2929.75
21.92	2931.05
21.93	2932.35
21.94	2933.65
21.95	2934.95
21.96	2936.24
21.97	2937.55
21.98	2938.84
21.99	2940.15
22	2942.04
22.01	2944.04
22.02	2945.32
22.03	2946.62
22.04	2947.92
22.05	2949.22
22.06	2950.51
22.07	2951.82
22.08	2953.13
22.09	2954.43
22.1	2955.73
22.11	2957.03
22.12	2958.33
22.13	2959.63
22.14	2960.92
22.15	2962.23
22.16	2963.53
22.17	2964.83
22.18	2966.13
22.19	2967.43
22.2	2968.73
22.21	2970.04
22.22	2971.33
22.23	2972.63
22.24	2973.93
22.25	2975.24
22.26	2976.53
22.27	2977.83
22.28	2979.13
22.29	2980.43
22.3	2981.73
22.31	2983.05
22.32	2984.35
22.33	2985.65
22.34	2986.94
22.35	2988.26
22.36	2989.54
22.37	2990.84
22.38	2992.13
22.39	2993.43
22.4	2994.72
22.41	2996.02
22.42	2997.31
22.43	2998.6
22.44	2999.89
22.45	3001.19
22.46	3002.51
22.47	3003.84
22.48	3005.17
22.49	3006.5
22.5	3008.44
22.51	3011.57
22.52	3012.89
22.53	3014.23
22.54	3015.56
22.55	3016.92
22.56	3018.3
22.57	3019.68
22.58	3021.03
22.59	3022.4
22.6	3023.8
22.61	3025.19
22.62	3026.56
22.63	3027.89
22.64	3029.22
22.65	3030.53
22.66	3031.81
22.67	3033.1
22.68	3034.39
22.69	3035.7
22.7	3037.02
22.71	3038.36
22.72	3039.66
22.73	3040.98
22.74	3042.29
22.75	3043.6
22.76	3044.9
22.77	3046.22
22.78	3047.51
22.79	3048.79
22.8	3050.08
22.81	3051.39
22.82	3052.69
22.83	3053.98
22.84	3055.29
22.85	3056.62
22.86	3057.94
22.87	3059.27
22.88	3060.6
22.89	3061.96
22.9	3063.29
22.91	3064.63
22.92	3065.96
22.93	3067.27
22.94	3068.58
22.95	3069.94
22.96	3071.27
22.97	3072.63
22.98	3073.99
22.99	3075.34
23	3077.47
23.01	3078.91
23.02	3080.27
23.03	3081.62
23.04	3082.94
23.05	3084.25
23.06	3085.56
23.07	3086.87
23.08	3088.18
23.09	3089.47
23.1	3090.76
23.11	3092.05
23.12	3093.34
23.13	3094.65
23.14	3095.95
23.15	3097.25
23.16	3098.55
23.17	3099.86
23.18	3101.17
23.19	3102.48
23.2	3103.79
23.21	3105.1
23.22	3106.43
23.23	3107.77
23.24	3109.12
23.25	3110.48
23.26	3111.83
23.27	3113.19
23.28	3114.56
23.29	3115.92
23.3	3117.28
23.31	3118.65
23.32	3119.99
23.33	3121.35
23.34	3122.7
23.35	3124.05
23.36	3125.4
23.37	3126.75
23.38	3128.09
23.39	3129.44
23.4	3130.79
23.41	3132.14
23.42	3133.49
23.43	3134.84
23.44	3136.18
23.45	3137.53
23.46	3138.87
23.47	3140.24
23.48	3141.6
23.49	3142.96
23.5	3145.22
23.51	3146.68
23.52	3148.07
23.53	3149.43
23.54	3150.79
23.55	3152.16
23.56	3153.51
23.57	3154.9
23.58	3156.27
23.59	3157.62
23.6	3158.94
23.61	3160.26
23.62	3161.58
23.63	3162.92
23.64	3164.23
23.65	3165.55
23.66	3166.87
23.67	3168.16
23.68	3169.44
23.69	3170.73
23.7	3172.01
23.71	3173.29
23.72	3174.58
23.73	3175.86
23.74	3177.14
23.75	3178.43
23.76	3179.71
23.77	3181.01
23.78	3182.29
23.79	3183.57
23.8	3184.87
23.81	3186.15
23.82	3187.43
23.83	3188.72
23.84	3190
23.85	3191.28
23.86	3192.56
23.87	3193.85
23.88	3195.13
23.89	3196.42
23.9	3197.69
23.91	3198.99
23.92	3200.27
23.93	3201.55
23.94	3202.83
23.95	3204.12
23.96	3205.4
23.97	3206.69
23.98	3207.97
23.99	3209.26
24	3211.32
24.01	3212.69
24.02	3213.98
24.03	3215.31
24.04	3216.62
24.05	3217.95
24.06	3219.26
24.07	3220.58
24.08	3221.91
24.09	3223.29
24.1	3224.63
24.11	3225.96
24.12	3227.26
24.13	3228.57
24.14	3229.89
24.15	3231.22
24.16	3232.51
24.17	3233.82
24.18	3235.11
24.19	3236.42
24.2	3237.72
24.21	3239.02
24.22	3240.32
24.23	3241.62
24.24	3242.91
24.25	3244.22
24.26	3245.51
24.27	3246.82
24.28	3248.11
24.29	3249.43
24.3	3250.72
24.31	3252.07
24.32	3253.37
24.33	3254.7
24.34	3256.04
24.35	3257.41
24.36	3258.77
24.37	3260.14
24.38	3261.48
24.39	3262.82
24.4	3264.16
24.41	3265.46
24.42	3266.76
24.43	3268.06
24.44	3269.36
24.45	3270.65
24.46	3271.97
24.47	3273.3
24.48	3274.65
24.49	3276.03
24.5	3277.85
24.51	3279.98
24.52	3281.32
24.53	3282.68
24.54	3284.03
24.55	3285.39
24.56	3286.72
24.57	3288.06
24.58	3289.39
24.59	3290.72
24.6	3292.05
24.61	3293.39
24.62	3294.72
24.63	3296.08
24.64	3297.43
24.65	3298.81
24.66	3300.18
24.67	3301.55
24.68	3302.91
24.69	3304.25
24.7	3305.57
24.71	3306.91
24.72	3308.23
24.73	3309.57
24.74	3310.96
24.75	3312.3
24.76	3313.62
24.77	3314.96
24.78	3316.25
24.79	3317.56
24.8	3318.86
24.81	3320.16
24.82	3321.45
24.83	3322.75
24.84	3324.05
24.85	3325.35
24.86	3326.63
24.87	3327.95
24.88	3329.25
24.89	3330.57
24.9	3331.86
24.91	3333.21
24.92	3334.52
24.93	3335.83
24.94	3337.14
24.95	3338.48
24.96	3339.8
24.97	3341.12
24.98	3342.4
24.99	3343.71
25	3345.53
25.01	3348
25.02	3349.3
25.03	3350.6
25.04	3351.94
25.05	3353.27
25.06	3354.6
25.07	3355.97
25.08	3357.3
25.09	3358.63
25.1	3359.95
25.11	3361.29
25.12	3362.62
25.13	3363.96
25.14	3365.28
25.15	3366.62
25.16	3367.97
25.17	3369.31
25.18	3370.64
25.19	3372
25.2	3373.34
25.21	3374.66
25.22	3375.95
25.23	3377.26
25.24	3378.56
25.25	3379.85
25.26	3381.15
25.27	3382.45
25.28	3383.74
25.29	3385.05
25.3	3386.35
25.31	3387.66
25.32	3388.95
25.33	3390.26
25.34	3391.59
25.35	3392.89
25.36	3394.17
25.37	3395.47
25.38	3396.74
25.39	3398.03
25.4	3399.34
25.41	3400.62
25.42	3401.89
25.43	3403.15
25.44	3404.4
25.45	3405.66
25.46	3406.92
25.47	3408.18
25.48	3409.44
25.49	3410.72
25.5	3412.57
25.51	3414.57
25.52	3415.88
25.53	3417.17
25.54	3418.46
25.55	3419.74
25.56	3421.01
25.57	3422.28
25.58	3423.55
25.59	3424.85
25.6	3426.13
25.61	3427.42
25.62	3428.7
25.63	3429.98
25.64	3431.27
25.65	3432.59
25.66	3433.89
25.67	3435.18
25.68	3436.49
25.69	3437.79
25.7	3439.09
25.71	3440.39
25.72	3441.69
25.73	3442.98
25.74	3444.27
25.75	3445.57
25.76	3446.85
25.77	3448.16
25.78	3449.49
25.79	3450.79
25.8	3452.12
25.81	3453.44
25.82	3454.76
25.83	3456.07
25.84	3457.39
25.85	3458.68
25.86	3459.99
25.87	3461.31
25.88	3462.6
25.89	3463.89
25.9	3465.16
25.91	3466.46
25.92	3467.74
25.93	3469.02
25.94	3470.33
25.95	3471.66
25.96	3472.95
25.97	3474.23
25.98	3475.51
25.99	3476.8
26	3478.71
26.01	3480.09
26.02	3481.42
26.03	3482.72
26.04	3484.01
26.05	3485.31
26.06	3486.61
26.07	3487.92
26.08	3489.23
26.09	3490.5
26.1	3491.77
26.11	3493.05
26.12	3494.33
26.13	3495.61
26.14	3496.89
26.15	3498.16
26.16	3499.43
26.17	3500.72
26.18	3502
26.19	3503.29
26.2	3504.58
26.21	3505.86
26.22	3507.14
26.23	3508.45
26.24	3509.76
26.25	3511.08
26.26	3512.4
26.27	3513.71
26.28	3515.03
26.29	3516.33
26.3	3517.62
26.31	3518.94
26.32	3520.23
26.33	3521.53
26.34	3522.89
26.35	3524.24
26.36	3525.55
26.37	3526.85
26.38	3528.15
26.39	3529.49
26.4	3530.8
26.41	3532.12
26.42	3533.47
26.43	3534.82
26.44	3536.19
26.45	3537.56
26.46	3538.94
26.47	3540.31
26.48	3541.67
26.49	3543.02
26.5	3545.09
26.51	3546.54
26.52	3547.87
26.53	3549.2
26.54	3550.54
26.55	3551.87
26.56	3553.2
26.57	3554.53
26.58	3555.86
26.59	3557.2
26.6	3558.53
26.61	3559.86
26.62	3561.2
26.63	3562.53
26.64	3563.85
26.65	3565.2
26.66	3566.55
26.67	3567.94
26.68	3569.29
26.69	3570.63
26.7	3571.93
26.71	3573.26
26.72	3574.57
26.73	3575.89
26.74	3577.2
26.75	3578.53
26.76	3579.84
26.77	3581.16
26.78	3582.47
26.79	3583.8
26.8	3585.1
26.81	3586.42
26.82	3587.76
26.83	3589.08
26.84	3590.39
26.85	3591.71
26.86	3593.03
26.87	3594.35
26.88	3595.66
26.89	3596.97
26.9	3598.29
26.91	3599.61
26.92	3600.92
26.93	3602.25
26.94	3603.59
26.95	3604.96
26.96	3606.31
26.97	3607.65
26.98	3609
26.99	3610.36
27	3612.3
27.01	3614.32
27.02	3615.66
27.03	3616.99
27.04	3618.31
27.05	3619.65
27.06	3620.97
27.07	3622.32
27.08	3623.66
27.09	3625.01
27.1	3626.37
27.11	3627.73
27.12	3629.04
27.13	3630.35
27.14	3631.69
27.15	3633.05
27.16	3634.39
27.17	3635.74
27.18	3637.11
27.19	3638.44
27.2	3639.77
27.21	3641.09
27.22	3642.43
27.23	3643.76
27.24	3645.1
27.25	3646.42
27.26	3647.74
27.27	3649.06
27.28	3650.37
27.29	3651.7
27.3	3653
27.31	3654.31
27.32	3655.63
27.33	3656.94
27.34	3658.24
27.35	3659.58
27.36	3660.9
27.37	3662.27
27.38	3663.62
27.39	3664.96
27.4	3666.31
27.41	3667.68
27.42	3669.04
27.43	3670.4
27.44	3671.74
27.45	3673.13
27.46	3674.5
27.47	3675.86
27.48	3677.22
27.49	3678.59
27.5	3680.63
27.51	3682.51
27.52	3683.89
27.53	3685.27
27.54	3686.63
27.55	3687.99
27.56	3689.37
27.57	3690.76
27.58	3692.13
27.59	3693.53
27.6	3694.89
27.61	3696.27
27.62	3697.6
27.63	3698.94
27.64	3700.25
27.65	3701.57
27.66	3702.86
27.67	3704.17
27.68	3705.47
27.69	3706.77
27.7	3708.07
27.71	3709.36
27.72	3710.66
27.73	3711.98
27.74	3713.27
27.75	3714.57
27.76	3715.88
27.77	3717.18
27.78	3718.47
27.79	3719.78
27.8	3721.07
27.81	3722.37
27.82	3723.67
27.83	3724.97
27.84	3726.27
27.85	3727.57
27.86	3728.87
27.87	3730.18
27.88	3731.47
27.89	3732.78
27.9	3734.09
27.91	3735.4
27.92	3736.67
27.93	3737.97
27.94	3739.26
27.95	3740.56
27.96	3741.86
27.97	3743.18
27.98	3744.47
27.99	3745.76
28	3747.73
28.01	3749.85
28.02	3751.21
28.03	3752.52
28.04	3753.83
28.05	3755.15
28.06	3756.48
28.07	3757.79
28.08	3759.09
28.09	3760.39
28.1	3761.67
28.11	3762.97
28.12	3764.26
28.13	3765.56
28.14	3766.84
28.15	3768.14
28.16	3769.43
28.17	3770.74
28.18	3772.03
28.19	3773.34
28.2	3774.64
28.21	3775.94
28.22	3777.24
28.23	3778.54
28.24	3779.83
28.25	3781.14
28.26	3782.44
28.27	3783.75
28.28	3785.04
28.29	3786.34
28.3	3787.64
28.31	3788.95
28.32	3790.25
28.33	3791.56
28.34	3792.85
28.35	3794.15
28.36	3795.44
28.37	3796.75
28.38	3798.05
28.39	3799.35
28.4	3800.67
28.41	3802
28.42	3803.33
28.43	3804.67
28.44	3806
28.45	3807.34
28.46	3808.66
28.47	3810.01
28.48	3811.33
28.49	3812.67
28.5	3814.7
28.51	3816.15
28.52	3817.48
28.53	3818.8
28.54	3820.09
28.55	3821.41
28.56	3822.71
28.57	3824.02
28.58	3825.32
28.59	3826.66
28.6	3828.01
28.61	3829.34
28.62	3830.66
28.63	3831.96
28.64	3833.25
28.65	3834.56
28.66	3835.86
28.67	3837.16
28.68	3838.46
28.69	3839.76
28.7	3841.06
28.71	3842.36
28.72	3843.66
28.73	3844.99
28.74	3846.33
28.75	3847.66
28.76	3848.99
28.77	3850.34
28.78	3851.66
28.79	3853.01
28.8	3854.35
28.81	3855.68
28.82	3857
28.83	3858.32
28.84	3859.68
28.85	3861.01
28.86	3862.33
28.87	3863.67
28.88	3864.99
28.89	3866.33
28.9	3867.66
28.91	3869
28.92	3870.32
28.93	3871.66
28.94	3872.98
28.95	3874.32
28.96	3875.65
28.97	3876.99
28.98	3878.31
28.99	3879.64
29	3881.89
29.01	3883.32
29.02	3884.64
29.03	3885.97
29.04	3887.26
29.05	3888.56
29.06	3889.86
29.07	3891.16
29.08	3892.45
29.09	3893.76
29.1	3895.05
29.11	3896.36
29.12	3897.66
29.13	3898.95
29.14	3900.26
29.15	3901.58
29.16	3902.88
29.17	3904.2
29.18	3905.51
29.19	3906.83
29.2	3908.14
29.21	3909.44
29.22	3910.74
29.23	3912.05
29.24	3913.34
29.25	3914.64
29.26	3915.95
29.27	3917.25
29.28	3918.55
29.29	3919.85
29.3	3921.14
29.31	3922.44
29.32	3923.72
29.33	3925.03
29.34	3926.31
29.35	3927.61
29.36	3928.9
29.37	3930.19
29.38	3931.47
29.39	3932.79
29.4	3934.08
29.41	3935.37
29.42	3936.66
29.43	3937.96
29.44	3939.26
29.45	3940.56
29.46	3941.85
29.47	3943.16
29.48	3944.45
29.49	3945.75
29.5	3947.78
29.51	3949.18
29.52	3950.48
29.53	3951.78
29.54	3953.07
29.55	3954.4
29.56	3955.74
29.57	3957.09
29.58	3958.42
29.59	3959.76
29.6	3961.09
29.61	3962.42
29.62	3963.74
29.63	3965.07
29.64	3966.39
29.65	3967.74
29.66	3969.09
29.67	3970.46
29.68	3971.8
29.69	3973.14
29.7	3974.48
29.71	3975.79
29.72	3977.1
29.73	3978.41
29.74	3979.71
29.75	3981.02
29.76	3982.32
29.77	3983.7
29.78	3985.01
29.79	3986.36
29.8	3987.65
29.81	3988.95
29.82	3990.24
29.83	3991.55
29.84	3992.84
29.85	3994.15
29.86	3995.45
29.87	3996.75
29.88	3998.05
29.89	3999.36
29.9	4000.66
29.91	4001.95
29.92	4003.24
29.93	4004.54
29.94	4005.84
29.95	4007.19
29.96	4008.48
29.97	4009.8
29.98	4011.1
29.99	4012.39
30	4014.48
30.01	4015.87
30.02	4017.18
30.03	4018.48
30.04	4019.77
30.05	4021.07
30.06	4022.36
30.07	4023.65
30.08	4024.94
30.09	4026.24
30.1	4027.54
30.11	4028.85
30.12	4030.14
30.13	4031.44
30.14	4032.73
30.15	4034.04
30.16	4035.34
30.17	4036.64
30.18	4037.95
30.19	4039.25
30.2	4040.55
30.21	4041.85
30.22	4043.15
30.23	4044.46
30.24	4045.75
30.25	4047.06
30.26	4048.36
30.27	4049.67
30.28	4050.97
30.29	4052.27
30.3	4053.56
30.31	4054.87
30.32	4056.16
30.33	4057.47
30.34	4058.77
30.35	4060.07
30.36	4061.37
30.37	4062.67
30.38	4063.96
30.39	4065.25
30.4	4066.54
30.41	4067.84
30.42	4069.13
30.43	4070.43
30.44	4071.71
30.45	4073.01
30.46	4074.29
30.47	4075.6
30.48	4076.9
30.49	4078.2
30.5	4079.95
30.51	4082.27
30.52	4083.63
30.53	4084.97
30.54	4086.3
30.55	4087.67
30.56	4089.01
30.57	4090.37
30.58	4091.71
30.59	4093.06
30.6	4094.44
30.61	4095.82
30.62	4097.18
30.63	4098.52
30.64	4099.87
30.65	4101.17
30.66	4102.46
30.67	4103.77
30.68	4105.07
30.69	4106.37
30.7	4107.68
30.71	4109.01
30.72	4110.32
30.73	4111.63
30.74	4112.92
30.75	4114.2
30.76	4115.48
30.77	4116.78
30.78	4118.06
30.79	4119.35
30.8	4120.67
30.81	4121.97
30.82	4123.27
30.83	4124.57
30.84	4125.88
30.85	4127.17
30.86	4128.49
30.87	4129.83
30.88	4131.16
30.89	4132.53
30.9	4133.89
30.91	4135.23
30.92	4136.57
30.93	4137.89
30.94	4139.21
30.95	4140.52
30.96	4141.85
30.97	4143.2
30.98	4144.58
30.99	4145.94
31	4147.76
31.01	4150.02
31.02	4151.37
31.03	4152.73
31.04	4154.05
31.05	4155.41
31.06	4156.72
31.07	4158.04
31.08	4159.36
31.09	4160.68
31.1	4161.98
31.11	4163.29
31.12	4164.59
31.13	4165.89
31.14	4167.2
31.15	4168.52
31.16	4169.81
31.17	4171.12
31.18	4172.45
31.19	4173.77
31.2	4175.09
31.21	4176.4
31.22	4177.74
31.23	4179.09
31.24	4180.43
31.25	4181.8
31.26	4183.17
31.27	4184.53
31.28	4185.9
31.29	4187.26
31.3	4188.62
31.31	4189.98
31.32	4191.33
31.33	4192.69
31.34	4194.02
31.35	4195.38
31.36	4196.72
31.37	4198.07
31.38	4199.42
31.39	4200.77
31.4	4202.11
31.41	4203.47
31.42	4204.81
31.43	4206.16
31.44	4207.5
31.45	4208.86
31.46	4210.21
31.47	4211.57
31.48	4212.93
31.49	4214.31
31.5	4216.18
31.51	4218.22
31.52	4219.59
31.53	4220.96
31.54	4222.32
31.55	4223.69
31.56	4225.04
31.57	4226.41
31.58	4227.77
31.59	4229.14
31.6	4230.45
31.61	4231.78
31.62	4233.08
31.63	4234.42
31.64	4235.75
31.65	4237.07
31.66	4238.38
31.67	4239.67
31.68	4240.95
31.69	4242.25
31.7	4243.52
31.71	4244.81
31.72	4246.1
31.73	4247.41
31.74	4248.69
31.75	4250.01
31.76	4251.3
31.77	4252.58
31.78	4253.86
31.79	4255.15
31.8	4256.44
31.81	4257.72
31.82	4259
31.83	4260.29
31.84	4261.57
31.85	4262.85
31.86	4264.14
31.87	4265.43
31.88	4266.71
31.89	4268
31.9	4269.28
31.91	4270.57
31.92	4271.85
31.93	4273.15
31.94	4274.42
31.95	4275.71
31.96	4277
31.97	4278.28
31.98	4279.57
31.99	4280.86
32	4282.7
32.01	4284.67
32.02	4285.95
32.03	4287.24
32.04	4288.51
32.05	4289.83
32.06	4291.14
32.07	4292.46
32.08	4293.8
32.09	4295.15
32.1	4296.49
32.11	4297.82
32.12	4299.11
32.13	4300.42
32.14	4301.71
32.15	4303.01
32.16	4304.3
32.17	4305.62
32.18	4306.91
32.19	4308.22
32.2	4309.51
32.21	4310.82
32.22	4312.15
32.23	4313.45
32.24	4314.75
32.25	4316.06
32.26	4317.35
32.27	4318.66
32.28	4319.95
32.29	4321.26
32.3	4322.56
32.31	4323.86
32.32	4325.16
32.33	4326.49
32.34	4327.82
32.35	4329.17
32.36	4330.52
32.37	4331.89
32.38	4333.24
32.39	4334.57
32.4	4335.9
32.41	4337.2
32.42	4338.49
32.43	4339.8
32.44	4341.09
32.45	4342.4
32.46	4343.72
32.47	4345.04
32.48	4346.37
32.49	4347.73
32.5	4349.64
32.51	4351.57
32.52	4352.95
32.53	4354.34
32.54	4355.73
32.55	4357.07
32.56	4358.4
32.57	4359.73
32.58	4361.06
32.59	4362.39
32.6	4363.73
32.61	4365.06
32.62	4366.39
32.63	4367.75
32.64	4369.12
32.65	4370.5
32.66	4371.87
32.67	4373.23
32.68	4374.57
32.69	4375.93
32.7	4377.24
32.71	4378.58
32.72	4379.89
32.73	4381.23
32.74	4382.56
32.75	4383.92
32.76	4385.25
32.77	4386.61
32.78	4387.92
32.79	4389.27
32.8	4390.57
32.81	4391.87
32.82	4393.15
32.83	4394.48
32.84	4395.78
32.85	4397.09
32.86	4398.41
32.87	4399.73
32.88	4401.05
32.89	4402.36
32.9	4403.66
32.91	4404.99
32.92	4406.29
32.93	4407.58
32.94	4408.89
32.95	4410.21
32.96	4411.53
32.97	4412.85
32.98	4414.18
32.99	4415.48
33	4417.35
33.01	4419.3
33.02	4420.6
33.03	4421.89
33.04	4423.23
33.05	4424.59
33.06	4425.92
33.07	4427.28
33.08	4428.62
33.09	4429.96
33.1	4431.3
33.11	4432.65
33.12	4434
33.13	4435.36
33.14	4436.68
33.15	4438.02
33.16	4439.39
33.17	4440.72
33.18	4442.04
33.19	4443.38
33.2	4444.74
33.21	4446.06
33.22	4447.36
33.23	4448.66
33.24	4449.96
33.25	4451.27
33.26	4452.56
33.27	4453.86
33.28	4455.16
33.29	4456.46
33.3	4457.76
33.31	4459.07
33.32	4460.36
33.33	4461.67
33.34	4462.98
33.35	4464.3
33.36	4465.58
33.37	4466.87
33.38	4468.15
33.39	4469.44
33.4	4470.71
33.41	4471.99
33.42	4473.27
33.43	4474.53
33.44	4475.79
33.45	4477.06
33.46	4478.32
33.47	4479.58
33.48	4480.85
33.49	4482.13
33.5	4483.97
33.51	4485.85
33.52	4487.12
33.53	4488.41
33.54	4489.69
33.55	4490.97
33.56	4492.24
33.57	4493.53
33.58	4494.8
33.59	4496.09
33.6	4497.37
33.61	4498.69
33.62	4499.99
33.63	4501.29
33.64	4502.57
33.65	4503.85
33.66	4505.12
33.67	4506.44
33.68	4507.74
33.69	4509.04
33.7	4510.35
33.71	4511.65
33.72	4512.95
33.73	4514.25
33.74	4515.55
33.75	4516.88
33.76	4518.2
33.77	4519.51
33.78	4520.82
33.79	4522.15
33.8	4523.46
33.81	4524.78
33.82	4526.09
33.83	4527.41
33.84	4528.69
33.85	4529.98
33.86	4531.28
33.87	4532.57
33.88	4533.84
33.89	4535.14
33.9	4536.42
33.91	4537.71
33.92	4538.99
33.93	4540.27
33.94	4541.55
33.95	4542.85
33.96	4544.13
33.97	4545.41
33.98	4546.7
33.99	4547.98
34	4549.92
34.01	4551.75
34.02	4553.04
34.03	4554.33
34.04	4555.61
34.05	4556.92
34.06	4558.22
34.07	4559.51
34.08	4560.78
34.09	4562.06
34.1	4563.33
34.11	4564.61
34.12	4565.88
34.13	4567.18
34.14	4568.45
34.15	4569.74
34.16	4571
34.17	4572.29
34.18	4573.56
34.19	4574.84
34.2	4576.11
34.21	4577.39
34.22	4578.67
34.23	4579.97
34.24	4581.25
34.25	4582.54
34.26	4583.84
34.27	4585.17
34.28	4586.48
34.29	4587.79
34.3	4589.09
34.31	4590.4
34.32	4591.72
34.33	4593.02
34.34	4594.31
34.35	4595.63
34.36	4596.92
34.37	4598.23
34.38	4599.51
34.39	4600.82
34.4	4602.14
34.41	4603.48
34.42	4604.81
34.43	4606.16
34.44	4607.52
34.45	4608.9
34.46	4610.27
34.47	4611.67
34.48	4613.02
34.49	4614.39
34.5	4616.39
34.51	4618.4
34.52	4619.72
34.53	4621.05
34.54	4622.38
34.55	4623.73
34.56	4625.04
34.57	4626.38
34.58	4627.72
34.59	4629.06
34.6	4630.39
34.61	4631.73
34.62	4633.06
34.63	4634.39
34.64	4635.72
34.65	4637.04
34.66	4638.41
34.67	4639.79
34.68	4641.13
34.69	4642.46
34.7	4643.77
34.71	4645.09
34.72	4646.39
34.73	4647.71
34.74	4649.05
34.75	4650.38
34.76	4651.7
34.77	4653.02
34.78	4654.34
34.79	4655.65
34.8	4656.97
34.81	4658.29
34.82	4659.61
34.83	4660.93
34.84	4662.24
34.85	4663.56
34.86	4664.87
34.87	4666.19
34.88	4667.51
34.89	4668.83
34.9	4670.15
34.91	4671.47
34.92	4672.79
34.93	4674.11
34.94	4675.45
34.95	4676.81
34.96	4678.19
34.97	4679.54
34.98	4680.9
34.99	4682.27
35	4684.28
35.01	4685.67
35.02	4687.02
35.03	4688.38
35.04	4689.7
35.05	4691.02
35.06	4692.34
35.07	4693.68
35.08	4695.01
35.09	4696.35
35.1	4697.67
35.11	4699.03
35.12	4700.35
35.13	4701.66
35.14	4702.97
35.15	4704.33
35.16	4705.67
35.17	4707.03
35.18	4708.37
35.19	4709.73
35.2	4711.06
35.21	4712.4
35.22	4713.72
35.23	4715.09
35.24	4716.43
35.25	4717.76
35.26	4719.07
35.27	4720.39
35.28	4721.7
35.29	4723.02
35.3	4724.34
35.31	4725.65
35.32	4726.97
35.33	4728.28
35.34	4729.58
35.35	4730.93
35.36	4732.29
35.37	4733.65
35.38	4735
35.39	4736.36
35.4	4737.72
35.41	4739.05
35.42	4740.37
35.43	4741.74
35.44	4743.1
35.45	4744.47
35.46	4745.83
35.47	4747.2
35.48	4748.55
35.49	4749.92
35.5	4751.92
35.51	4753.39
35.52	4754.77
35.53	4756.13
35.54	4757.52
35.55	4758.88
35.56	4760.25
35.57	4761.62
35.58	4762.99
35.59	4764.4
35.6	4765.76
35.61	4767.14
35.62	4768.47
35.63	4769.81
35.64	4771.12
35.65	4772.45
35.66	4773.76
35.67	4775.06
35.68	4776.36
35.69	4777.67
35.7	4778.96
35.71	4780.29
35.72	4781.59
35.73	4782.89
35.74	4784.2
35.75	4785.5
35.76	4786.81
35.77	4788.11
35.78	4789.41
35.79	4790.71
35.8	4792.02
35.81	4793.32
35.82	4794.63
35.83	4795.93
35.84	4797.22
35.85	4798.53
35.86	4799.83
35.87	4801.13
35.88	4802.44
35.89	4803.74
35.9	4805.04
35.91	4806.35
35.92	4807.64
35.93	4808.95
35.94	4810.24
35.95	4811.55
35.96	4812.85
35.97	4814.16
35.98	4815.48
35.99	4816.79
36	4818.92
36.01	4820.27
36.02	4821.58
36.03	4822.86
36.04	4824.14
36.05	4825.42
36.06	4826.7
36.07	4827.99
36.08	4829.28
36.09	4830.56
36.1	4831.83
36.11	4833.14
36.12	4834.45
36.13	4835.74
36.14	4837.03
36.15	4838.33
36.16	4839.61
36.17	4840.92
36.18	4842.21
36.19	4843.51
36.2	4844.81
36.21	4846.11
36.22	4847.41
36.23	4848.71
36.24	4850.01
36.25	4851.31
36.26	4852.61
36.27	4853.98
36.28	4855.27
36.29	4856.58
36.3	4857.88
36.31	4859.19
36.32	4860.49
36.33	4861.79
36.34	4863.1
36.35	4864.4
36.36	4865.7
36.37	4867.01
36.38	4868.3
36.39	4869.59
36.4	4870.89
36.41	4872.28
36.42	4873.6
36.43	4874.94
36.44	4876.27
36.45	4877.59
36.46	4878.92
36.47	4880.25
36.48	4881.58
36.49	4882.91
36.5	4884.88
36.51	4886.9
36.52	4888.23
36.53	4889.55
36.54	4890.85
36.55	4892.16
36.56	4893.46
36.57	4894.77
36.58	4896.09
36.59	4897.43
36.6	4898.79
36.61	4900.12
36.62	4901.44
36.63	4902.74
36.64	4904.04
36.65	4905.34
36.66	4906.64
36.67	4907.94
36.68	4909.24
36.69	4910.55
36.7	4911.84
36.71	4913.18
36.72	4914.51
36.73	4915.84
36.74	4917.17
36.75	4918.51
36.76	4919.85
36.77	4921.2
36.78	4922.53
36.79	4923.9
36.8	4925.23
36.81	4926.55
36.82	4927.89
36.83	4929.22
36.84	4930.54
36.85	4931.89
36.86	4933.21
36.87	4934.54
36.88	4935.87
36.89	4937.21
36.9	4938.53
36.91	4939.86
36.92	4941.2
36.93	4942.53
36.94	4943.85
36.95	4945.19
36.96	4946.52
36.97	4947.85
36.98	4949.17
36.99	4950.51
37	4952.46
37.01	4954.25
37.02	4955.62
37.03	4956.96
37.04	4958.25
37.05	4959.55
37.06	4960.85
37.07	4962.17
37.08	4963.47
37.09	4964.76
37.1	4966.06
37.11	4967.38
37.12	4968.67
37.13	4969.97
37.14	4971.28
37.15	4972.61
37.16	4973.9
37.17	4975.2
37.18	4976.52
37.19	4977.84
37.2	4979.15
37.21	4980.44
37.22	4981.75
37.23	4983.06
37.24	4984.35
37.25	4985.66
37.26	4986.96
37.27	4988.28
37.28	4989.57
37.29	4990.87
37.3	4992.16
37.31	4993.45
37.32	4994.75
37.33	4996.05
37.34	4997.33
37.35	4998.63
37.36	4999.92
37.37	5001.22
37.38	5002.5
37.39	5003.81
37.4	5005.1
37.41	5006.41
37.42	5007.7
37.43	5009
37.44	5010.3
37.45	5011.61
37.46	5012.91
37.47	5014.22
37.48	5015.51
37.49	5016.81
37.5	5018.83
37.51	5020.19
37.52	5021.52
37.53	5022.84
37.54	5024.12
37.55	5025.43
37.56	5026.75
37.57	5028.11
37.58	5029.43
37.59	5030.8
37.6	5032.16
37.61	5033.52
37.62	5034.83
37.63	5036.16
37.64	5037.48
37.65	5038.85
37.66	5040.21
37.67	5041.56
37.68	5042.91
37.69	5044.26
37.7	5045.59
37.71	5046.92
37.72	5048.22
37.73	5049.53
37.74	5050.83
37.75	5052.15
37.76	5053.46
37.77	5054.79
37.78	5056.13
37.79	5057.48
37.8	5058.79
37.81	5060.09
37.82	5061.38
37.83	5062.67
37.84	5063.98
37.85	5065.28
37.86	5066.57
37.87	5067.88
37.88	5069.18
37.89	5070.48
37.9	5071.77
37.91	5073.08
37.92	5074.37
37.93	5075.69
37.94	5076.99
37.95	5078.3
37.96	5079.59
37.97	5080.9
37.98	5082.2
37.99	5083.53
38	5085.52
38.01	5087.4
38.02	5088.7
38.03	5089.99
38.04	5091.29
38.05	5092.6
38.06	5093.9
38.07	5095.23
38.08	5096.55
38.09	5097.85
38.1	5099.15
38.11	5100.46
38.12	5101.75
38.13	5103.08
38.14	5104.37
38.15	5105.68
38.16	5106.98
38.17	5108.28
38.18	5109.57
38.19	5110.89
38.2	5112.18
38.21	5113.52
38.22	5114.85
38.23	5116.16
38.24	5117.46
38.25	5118.77
38.26	5120.07
38.27	5121.38
38.28	5122.7
38.29	5124.02
38.3	5125.32
38.31	5126.62
38.32	5127.92
38.33	5129.23
38.34	5130.53
38.35	5131.83
38.36	5133.13
38.37	5134.43
38.38	5135.72
38.39	5137.02
38.4	5138.31
38.41	5139.61
38.42	5140.89
38.43	5142.19
38.44	5143.48
38.45	5144.78
38.46	5146.08
38.47	5147.39
38.48	5148.68
38.49	5150
38.5	5152
38.51	5153.45
38.52	5154.77
38.53	5156.1
38.54	5157.43
38.55	5158.81
38.56	5160.19
38.57	5161.53
38.58	5162.89
38.59	5164.24
38.6	5165.58
38.61	5166.93
38.62	5168.29
38.63	5169.66
38.64	5170.98
38.65	5172.33
38.66	5173.63
38.67	5174.93
38.68	5176.23
38.69	5177.54
38.7	5178.84
38.71	5180.15
38.72	5181.44
38.73	5182.72
38.74	5184.01
38.75	5185.3
38.76	5186.59
38.77	5187.87
38.78	5189.15
38.79	5190.45
38.8	5191.76
38.81	5193.06
38.82	5194.36
38.83	5195.67
38.84	5196.97
38.85	5198.27
38.86	5199.56
38.87	5200.89
38.88	5202.22
38.89	5203.62
38.9	5204.99
38.91	5206.34
38.92	5207.68
38.93	5209.04
38.94	5210.35
38.95	5211.67
38.96	5213
38.97	5214.35
38.98	5215.69
38.99	5217.05
39	5218.89
39.01	5220.98
39.02	5222.34
39.03	5223.69
39.04	5225.02
39.05	5226.37
39.06	5227.68
39.07	5229
39.08	5230.33
39.09	5231.65
39.1	5232.97
39.11	5234.27
39.12	5235.58
39.13	5236.89
39.14	5238.19
39.15	5239.5
39.16	5240.79
39.17	5242.1
39.18	5243.4
39.19	5244.74
39.2	5246.05
39.21	5247.36
39.22	5248.7
39.23	5250.02
39.24	5251.36
39.25	5252.72
39.26	5254.07
39.27	5255.44
39.28	5256.79
39.29	5258.15
39.3	5259.5
39.31	5260.87
39.32	5262.22
39.33	5263.56
39.34	5264.89
39.35	5266.24
39.36	5267.57
39.37	5268.92
39.38	5270.26
39.39	5271.6
39.4	5272.94
39.41	5274.29
39.42	5275.63
39.43	5276.99
39.44	5278.33
39.45	5279.68
39.46	5281.02
39.47	5282.37
39.48	5283.75
39.49	5285.12
39.5	5286.95
39.51	5289.11
39.52	5290.51
39.53	5291.88
39.54	5293.23
39.55	5294.6
39.56	5295.97
39.57	5297.34
39.58	5298.68
39.59	5300.03
39.6	5301.33
39.61	5302.67
39.62	5303.99
39.63	5305.33
39.64	5306.65
39.65	5307.96
39.66	5309.27
39.67	5310.54
39.68	5311.85
39.69	5313.17
39.7	5314.48
39.71	5315.8
39.72	5317.11
39.73	5318.43
39.74	5319.74
39.75	5321.09
39.76	5322.4
39.77	5323.7
39.78	5324.98
39.79	5326.26
39.8	5327.54
39.81	5328.83
39.82	5330.11
39.83	5331.41
39.84	5332.69
39.85	5333.98
39.86	5335.26
39.87	5336.56
39.88	5337.84
39.89	5339.12
39.9	5340.37
39.91	5341.64
39.92	5342.92
39.93	5344.21
39.94	5345.49
39.95	5346.78
39.96	5348.06
39.97	5349.37
39.98	5350.65
39.99	5351.94
40	5353.7
40.01	5355.68
40.02	5356.99
40.03	5358.3
40.04	5359.59
40.05	5360.91
40.06	5362.22
40.07	5363.55
40.08	5364.88
40.09	5366.26
40.1	5367.59
40.11	5368.92
40.12	5370.21
40.13	5371.52
40.14	5372.81
40.15	5374.12
40.16	5375.41
40.17	5376.72
40.18	5378.01
40.19	5379.33
40.2	5380.63
40.21	5381.94
40.22	5383.23
40.23	5384.53
40.24	5385.83
40.25	5387.13
40.26	5388.44
40.27	5389.73
40.28	5391.03
40.29	5392.34
40.3	5393.63
40.31	5394.93
40.32	5396.27
40.33	5397.6
40.34	5398.93
40.35	5400.28
40.36	5401.62
40.37	5402.97
40.38	5404.33
40.39	5405.7
40.4	5407.03
40.41	5408.35
40.42	5409.65
40.43	5410.96
40.44	5412.25
40.45	5413.57
40.46	5414.89
40.47	5416.23
40.48	5417.56
40.49	5418.93
40.5	5420.74
40.51	5423.04
40.52	5424.42
40.53	5425.76
40.54	5427.13
40.55	5428.5
40.56	5429.85
40.57	5431.19
40.58	5432.52
40.59	5433.85
40.6	5435.19
40.61	5436.52
40.62	5437.85
40.63	5439.22
40.64	5440.58
40.65	5441.94
40.66	5443.32
40.67	5444.68
40.68	5446.02
40.69	5447.38
40.7	5448.69
40.71	5450.01
40.72	5451.32
40.73	5452.65
40.74	5454
40.75	5455.37
40.76	5456.69
40.77	5458.06
40.78	5459.36
40.79	5460.67
40.8	5461.97
40.81	5463.27
40.82	5464.57
40.83	5465.88
40.84	5467.18
40.85	5468.48
40.86	5469.81
40.87	5471.14
40.88	5472.42
40.89	5473.74
40.9	5475.04
40.91	5476.36
40.92	5477.66
40.93	5478.97
40.94	5480.25
40.95	5481.57
40.96	5482.87
40.97	5484.16
40.98	5485.48
40.99	5486.81
41	5488.78
41.01	5490.17
41.02	5491.48
41.03	5492.78
41.04	5494.06
41.05	5495.41
41.06	5496.78
41.07	5498.13
41.08	5499.47
41.09	5500.81
41.1	5502.11
41.11	5503.45
41.12	5504.8
41.13	5506.16
41.14	5507.48
41.15	5508.82
41.16	5510.18
41.17	5511.53
41.18	5512.85
41.19	5514.19
41.2	5515.52
41.21	5516.83
41.22	5518.13
41.23	5519.44
41.24	5520.73
41.25	5522.04
41.26	5523.33
41.27	5524.63
41.28	5525.93
41.29	5527.23
41.3	5528.54
41.31	5529.84
41.32	5531.14
41.33	5532.46
41.34	5533.76
41.35	5535.06
41.36	5536.34
41.37	5537.63
41.38	5538.91
41.39	5540.21
41.4	5541.49
41.41	5542.76
41.42	5544.04
41.43	5545.32
41.44	5546.59
41.45	5547.85
41.46	5549.11
41.47	5550.37
41.48	5551.63
41.49	5552.92
41.5	5554.91
41.51	5556.29
41.52	5557.59
41.53	5558.9
41.54	5560.17
41.55	5561.45
41.56	5562.73
41.57	5564
41.58	5565.27
41.59	5566.55
41.6	5567.84
41.61	5569.17
41.62	5570.44
41.63	5571.73
41.64	5573.01
41.65	5574.3
41.66	5575.59
41.67	5576.87
41.68	5578.15
41.69	5579.47
41.7	5580.76
41.71	5582.06
41.72	5583.36
41.73	5584.66
41.74	5585.96
41.75	5587.27
41.76	5588.55
41.77	5589.83
41.78	5591.11
41.79	5592.4
41.8	5593.68
41.81	5594.97
41.82	5596.25
41.83	5597.54
41.84	5598.83
41.85	5600.11
41.86	5601.39
41.87	5602.68
41.88	5603.96
41.89	5605.25
41.9	5606.52
41.91	5607.82
41.92	5609.1
41.93	5610.38
41.94	5611.67
41.95	5612.95
41.96	5614.23
41.97	5615.53
41.98	5616.8
41.99	5618.09
42	5620.18
42.01	5621.52
42.02	5622.79
42.03	5624.09
42.04	5625.37
42.05	5626.65
42.06	5627.98
42.07	5629.26
42.08	5630.53
42.09	5631.82
42.1	5633.08
42.11	5634.36
42.12	5635.64
42.13	5636.92
42.14	5638.19
42.15	5639.47
42.16	5640.74
42.17	5642.03
42.18	5643.31
42.19	5644.6
42.2	5645.88
42.21	5647.17
42.22	5648.45
42.23	5649.74
42.24	5651.01
42.25	5652.3
42.26	5653.6
42.27	5654.91
42.28	5656.22
42.29	5657.54
42.3	5658.85
42.31	5660.16
42.32	5661.48
42.33	5662.8
42.34	5664.09
42.35	5665.4
42.36	5666.71
42.37	5668.02
42.38	5669.31
42.39	5670.62
42.4	5671.93
42.41	5673.25
42.42	5674.58
42.43	5675.94
42.44	5677.3
42.45	5678.7
42.46	5680.08
42.47	5681.46
42.48	5682.84
42.49	5684.21
42.5	5686.44
42.51	5687.85
42.52	5689.19
42.53	5690.53
42.54	5691.85
42.55	5693.18
42.56	5694.52
42.57	5695.88
42.58	5697.23
42.59	5698.56
42.6	5699.89
42.61	5701.24
42.62	5702.57
42.63	5703.9
42.64	5705.23
42.65	5706.55
42.66	5707.89
42.67	5709.25
42.68	5710.59
42.69	5711.91
42.7	5713.22
42.71	5714.53
42.72	5715.83
42.73	5717.15
42.74	5718.45
42.75	5719.78
42.76	5721.08
42.77	5722.43
42.78	5723.73
42.79	5725.04
42.8	5726.35
42.81	5727.66
42.82	5728.98
42.83	5730.29
42.84	5731.6
42.85	5732.92
42.86	5734.23
42.87	5735.55
42.88	5736.86
42.89	5738.18
42.9	5739.5
42.91	5740.82
42.92	5742.13
42.93	5743.45
42.94	5744.76
42.95	5746.12
42.96	5747.44
42.97	5748.8
42.98	5750.14
42.99	5751.5
43	5753.51
43.01	5754.92
43.02	5756.28
43.03	5757.64
43.04	5758.96
43.05	5760.29
43.06	5761.62
43.07	5762.97
43.08	5764.3
43.09	5765.66
43.1	5767.02
43.11	5768.36
43.12	5769.67
43.13	5771
43.14	5772.31
43.15	5773.66
43.16	5775
43.17	5776.35
43.18	5777.69
43.19	5779.03
43.2	5780.35
43.21	5781.68
43.22	5783.01
43.23	5784.35
43.24	5785.68
43.25	5787.01
43.26	5788.34
43.27	5789.66
43.28	5790.97
43.29	5792.29
43.3	5793.6
43.31	5794.93
43.32	5796.23
43.33	5797.55
43.34	5798.85
43.35	5800.17
43.36	5801.52
43.37	5802.85
43.38	5804.23
43.39	5805.62
43.4	5806.99
43.41	5808.32
43.42	5809.65
43.43	5810.98
43.44	5812.33
43.45	5813.67
43.46	5815
43.47	5816.33
43.48	5817.67
43.49	5819.05
43.5	5820.96
43.51	5823.18
43.52	5824.54
43.53	5825.9
43.54	5827.24
43.55	5828.6
43.56	5829.96
43.57	5831.35
43.58	5832.72
43.59	5834.11
43.6	5835.47
43.61	5836.85
43.62	5838.18
43.63	5839.53
43.64	5840.86
43.65	5842.19
43.66	5843.5
43.67	5844.81
43.68	5846.1
43.69	5847.41
43.7	5848.71
43.71	5850.01
43.72	5851.31
43.73	5852.63
43.74	5853.92
43.75	5855.23
43.76	5856.52
43.77	5857.83
43.78	5859.12
43.79	5860.42
43.8	5861.73
43.81	5863.04
43.82	5864.33
43.83	5865.63
43.84	5866.95
43.85	5868.26
43.86	5869.55
43.87	5870.86
43.88	5872.15
43.89	5873.46
43.9	5874.75
43.91	5876.06
43.92	5877.35
43.93	5878.66
43.94	5879.95
43.95	5881.25
43.96	5882.55
43.97	5883.85
43.98	5885.17
43.99	5886.49
44	5888.33
44.01	5890.34
44.02	5891.67
44.03	5892.97
44.04	5894.28
44.05	5895.57
44.06	5896.85
44.07	5898.14
44.08	5899.45
44.09	5900.78
44.1	5902.09
44.11	5903.41
44.12	5904.71
44.13	5906.02
44.14	5907.3
44.15	5908.61
44.16	5909.89
44.17	5911.19
44.18	5912.49
44.19	5913.79
44.2	5915.09
44.21	5916.39
44.22	5917.7
44.23	5919
44.24	5920.29
44.25	5921.61
44.26	5922.9
44.27	5924.21
44.28	5925.5
44.29	5926.81
44.3	5928.11
44.31	5929.42
44.32	5930.71
44.33	5932.01
44.34	5933.3
44.35	5934.62
44.36	5935.91
44.37	5937.23
44.38	5938.52
44.39	5939.83
44.4	5941.12
44.41	5942.42
44.42	5943.76
44.43	5945.1
44.44	5946.43
44.45	5947.76
44.46	5949.07
44.47	5950.42
44.48	5951.75
44.49	5953.08
44.5	5955.18
44.51	5956.65
44.52	5958.03
44.53	5959.35
44.54	5960.64
44.55	5961.95
44.56	5963.26
44.57	5964.59
44.58	5965.9
44.59	5967.2
44.6	5968.55
44.61	5969.87
44.62	5971.19
44.63	5972.49
44.64	5973.79
44.65	5975.09
44.66	5976.39
44.67	5977.69
44.68	5978.99
44.69	5980.29
44.7	5981.59
44.71	5982.93
44.72	5984.26
44.73	5985.59
44.74	5986.92
44.75	5988.25
44.76	5989.58
44.77	5990.95
44.78	5992.3
44.79	5993.63
44.8	5994.98
44.81	5996.33
44.82	5997.66
44.83	5998.99
44.84	6000.32
44.85	6001.66
44.86	6002.98
44.87	6004.31
44.88	6005.65
44.89	6006.98
44.9	6008.31
44.91	6009.65
44.92	6010.98
44.93	6012.32
44.94	6013.65
44.95	6014.98
44.96	6016.31
44.97	6017.64
44.98	6018.97
44.99	6020.31
45	6022.38
45.01	6023.82
45.02	6025.18
45.03	6026.52
45.04	6027.86
45.05	6029.16
45.06	6030.45
45.07	6031.75
45.08	6033.03
45.09	6034.32
45.1	6035.62
45.11	6036.92
45.12	6038.21
45.13	6039.53
45.14	6040.84
45.15	6042.16
45.16	6043.48
45.17	6044.8
45.18	6046.1
45.19	6047.39
45.2	6048.72
45.21	6050.05
45.22	6051.35
45.23	6052.67
45.24	6054
45.25	6055.31
45.26	6056.61
45.27	6057.91
45.28	6059.21
45.29	6060.52
45.3	6061.81
45.31	6063.12
45.32	6064.41
45.33	6065.7
45.34	6066.99
45.35	6068.28
45.36	6069.58
45.37	6070.87
45.38	6072.19
45.39	6073.49
45.4	6074.79
45.41	6076.09
45.42	6077.39
45.43	6078.69
45.44	6079.99
45.45	6081.3
45.46	6082.6
45.47	6083.92
45.48	6085.21
45.49	6086.51
45.5	6088.61
45.51	6089.99
45.52	6091.33
45.53	6092.63
45.54	6093.93
45.55	6095.24
45.56	6096.57
45.57	6097.92
45.58	6099.28
45.59	6100.65
45.6	6102.01
45.61	6103.39
45.62	6104.71
45.63	6106.04
45.64	6107.37
45.65	6108.71
45.66	6110.04
45.67	6111.4
45.68	6112.76
45.69	6114.11
45.7	6115.44
45.71	6116.77
45.72	6118.08
45.73	6119.4
45.74	6120.7
45.75	6122
45.76	6123.32
45.77	6124.64
45.78	6125.96
45.79	6127.29
45.8	6128.6
45.81	6129.9
45.82	6131.19
45.83	6132.5
45.84	6133.79
45.85	6135.1
45.86	6136.39
45.87	6137.71
45.88	6139.02
45.89	6140.34
45.9	6141.66
45.91	6142.96
45.92	6144.26
45.93	6145.56
45.94	6146.88
45.95	6148.2
45.96	6149.51
45.97	6150.83
45.98	6152.14
45.99	6153.44
46	6155.36
46.01	6156.81
46.02	6158.15
46.03	6159.47
46.04	6160.75
46.05	6162.06
46.06	6163.35
46.07	6164.68
46.08	6165.98
46.09	6167.3
46.1	6168.62
46.11	6169.93
46.12	6171.24
46.13	6172.54
46.14	6173.84
46.15	6175.15
46.16	6176.44
46.17	6177.75
46.18	6179.04
46.19	6180.35
46.2	6181.64
46.21	6182.95
46.22	6184.24
46.23	6185.55
46.24	6186.85
46.25	6188.17
46.26	6189.48
46.27	6190.77
46.28	6192.04
46.29	6193.34
46.3	6194.62
46.31	6195.91
46.32	6197.2
46.33	6198.49
46.34	6199.77
46.35	6201.09
46.36	6202.37
46.37	6203.69
46.38	6204.98
46.39	6206.28
46.4	6207.57
46.41	6208.86
46.42	6210.16
46.43	6211.45
46.44	6212.75
46.45	6214.05
46.46	6215.33
46.47	6216.63
46.48	6217.92
46.49	6219.23
46.5	6221.18
46.51	6222.59
46.52	6223.93
46.53	6225.26
46.54	6226.61
46.55	6227.94
46.56	6229.3
46.57	6230.65
46.58	6231.99
46.59	6233.34
46.6	6234.68
46.61	6236.04
46.62	6237.43
46.63	6238.82
46.64	6240.15
46.65	6241.46
46.66	6242.76
46.67	6244.07
46.68	6245.36
46.69	6246.68
46.7	6247.96
46.71	6249.25
46.72	6250.53
46.73	6251.82
46.74	6253.1
46.75	6254.4
46.76	6255.67
46.77	6256.97
46.78	6258.25
46.79	6259.56
46.8	6260.84
46.81	6262.13
46.82	6263.41
46.83	6264.7
46.84	6265.98
46.85	6267.3
46.86	6268.6
46.87	6269.92
46.88	6271.25
46.89	6272.58
46.9	6273.97
46.91	6275.33
46.92	6276.66
46.93	6278.01
46.94	6279.33
46.95	6280.64
46.96	6281.97
46.97	6283.3
46.98	6284.64
46.99	6286.02
47	6287.99
47.01	6289.43
47.02	6290.8
47.03	6292.17
47.04	6293.48
47.05	6294.82
47.06	6296.13
47.07	6297.44
47.08	6298.76
47.09	6300.06
47.1	6301.34
47.11	6302.65
47.12	6303.94
47.13	6305.24
47.14	6306.54
47.15	6307.85
47.16	6309.15
47.17	6310.46
47.18	6311.82
47.19	6313.12
47.2	6314.41
47.21	6315.75
47.22	6317.06
47.23	6318.47
47.24	6319.83
47.25	6321.18
47.26	6322.52
47.27	6323.87
47.28	6325.25
47.29	6326.63
47.3	6328.01
47.31	6329.38
47.32	6330.72
47.33	6332.07
47.34	6333.42
47.35	6334.77
47.36	6336.11
47.37	6337.46
47.38	6338.81
47.39	6340.15
47.4	6341.5
47.41	6342.85
47.42	6344.19
47.43	6345.55
47.44	6346.9
47.45	6348.25
47.46	6349.59
47.47	6350.95
47.48	6352.28
47.49	6353.66
47.5	6355.69
47.51	6357.14
47.52	6358.5
47.53	6359.87
47.54	6361.23
47.55	6362.58
47.56	6363.92
47.57	6365.27
47.58	6366.6
47.59	6367.94
47.6	6369.28
47.61	6370.62
47.62	6371.94
47.63	6373.27
47.64	6374.58
47.65	6375.9
47.66	6377.2
47.67	6378.49
47.68	6379.77
47.69	6381.1
47.7	6382.41
47.71	6383.71
47.72	6385.01
47.73	6386.31
47.74	6387.6
47.75	6388.91
47.76	6390.22
47.77	6391.54
47.78	6392.86
47.79	6394.18
47.8	6395.48
47.81	6396.8
47.82	6398.11
47.83	6399.43
47.84	6400.75
47.85	6402.03
47.86	6403.31
47.87	6404.6
47.88	6405.89
47.89	6407.18
47.9	6408.45
47.91	6409.71
47.92	6410.97
47.93	6412.22
47.94	6413.48
47.95	6414.77
47.96	6416.05
47.97	6417.34
47.98	6418.62
47.99	6419.91
48	6421.85
48.01	6423.22
48.02	6424.5
48.03	6425.78
48.04	6427.07
48.05	6428.36
48.06	6429.68
48.07	6431
48.08	6432.3
48.09	6433.64
48.1	6435.01
48.11	6436.35
48.12	6437.65
48.13	6438.95
48.14	6440.25
48.15	6441.55
48.16	6442.83
48.17	6444.12
48.18	6445.41
48.19	6446.68
48.2	6447.94
48.21	6449.21
48.22	6450.46
48.23	6451.73
48.24	6453.03
48.25	6454.33
48.26	6455.63
48.27	6456.95
48.28	6458.25
48.29	6459.56
48.3	6460.85
48.31	6462.16
48.32	6463.46
48.33	6464.79
48.34	6466.11
48.35	6467.46
48.36	6468.81
48.37	6470.18
48.38	6471.52
48.39	6472.88
48.4	6474.21
48.41	6475.55
48.42	6476.88
48.43	6478.22
48.44	6479.51
48.45	6480.81
48.46	6482.11
48.47	6483.45
48.48	6484.78
48.49	6486.14
48.5	6488.16
48.51	6489.62
48.52	6490.97
48.53	6492.34
48.54	6493.7
48.55	6495.07
48.56	6496.43
48.57	6497.76
48.58	6499.09
48.59	6500.43
48.6	6501.75
48.61	6503.09
48.62	6504.42
48.63	6505.78
48.64	6507.14
48.65	6508.51
48.66	6509.85
48.67	6511.2
48.68	6512.55
48.69	6513.92
48.7	6515.28
48.71	6516.6
48.72	6517.91
48.73	6519.23
48.74	6520.57
48.75	6521.91
48.76	6523.24
48.77	6524.58
48.78	6525.92
48.79	6527.23
48.8	6528.52
48.81	6529.83
48.82	6531.13
48.83	6532.43
48.84	6533.76
48.85	6535.09
48.86	6536.39
48.87	6537.71
48.88	6539.03
48.89	6540.32
48.9	6541.6
48.91	6542.92
48.92	6544.24
48.93	6545.56
48.94	6546.87
48.95	6548.19
48.96	6549.5
48.97	6550.83
48.98	6552.14
48.99	6553.51
49	6555.45
49.01	6556.84
49.02	6558.13
49.03	6559.43
49.04	6560.72
49.05	6562.07
49.06	6563.4
49.07	6564.75
49.08	6566.09
49.09	6567.41
49.1	6568.71
49.11	6570.05
49.12	6571.35
49.13	6572.7
49.14	6574.02
49.15	6575.35
49.16	6576.71
49.17	6578.07
49.18	6579.45
49.19	6580.78
49.2	6582.17
49.21	6583.52
49.22	6584.83
49.23	6586.12
49.24	6587.42
49.25	6588.72
49.26	6590.01
49.27	6591.31
49.28	6592.62
49.29	6593.92
49.3	6595.21
49.31	6596.51
49.32	6597.81
49.33	6599.12
49.34	6600.43
49.35	6601.72
49.36	6602.99
49.37	6604.29
49.38	6605.56
49.39	6606.85
49.4	6608.13
49.41	6609.42
49.42	6610.69
49.43	6611.96
49.44	6613.23
49.45	6614.5
49.46	6615.76
49.47	6617.02
49.48	6618.29
49.49	6619.55
49.5	6621.47
49.51	6622.83
49.52	6624.11
49.53	6625.39
49.54	6626.66
49.55	6627.94
49.56	6629.21
49.57	6630.5
49.58	6631.77
49.59	6633.06
49.6	6634.35
49.61	6635.64
49.62	6636.92
49.63	6638.21
49.64	6639.49
49.65	6640.78
49.66	6642.06
49.67	6643.36
49.68	6644.63
49.69	6645.94
49.7	6647.24
49.71	6648.54
49.72	6649.84
49.73	6651.15
49.74	6652.44
49.75	6653.74
49.76	6655.05
49.77	6656.37
49.78	6657.69
49.79	6659.01
49.8	6660.32
49.81	6661.64
49.82	6662.94
49.83	6664.26
49.84	6665.56
49.85	6666.89
49.86	6668.17
49.87	6669.49
49.88	6670.8
49.89	6672.09
49.9	6673.37
49.91	6674.66
49.92	6675.94
49.93	6677.23
49.94	6678.51
49.95	6679.8
49.96	6681.08
49.97	6682.37
49.98	6683.65
49.99	6684.95
50	6687
50.01	6688.34
50.02	6689.66
50.03	6690.95
50.04	6692.22
50.05	6693.52
50.06	6694.79
50.07	6696.07
50.08	6697.34
50.09	6698.62
50.1	6699.9
50.11	6701.17
50.12	6702.45
50.13	6703.73
50.14	6705
50.15	6706.29
50.16	6707.56
50.17	6708.85
50.18	6710.12
50.19	6711.4
50.2	6712.67
50.21	6713.96
50.22	6715.24
50.23	6716.53
50.24	6717.8
50.25	6719.09
50.26	6720.38
50.27	6721.7
50.28	6723.01
50.29	6724.31
50.3	6725.62
50.31	6726.91
50.32	6728.18
50.33	6729.48
50.34	6730.8
50.35	6732.12
50.36	6733.43
50.37	6734.75
50.38	6736.06
50.39	6737.37
50.4	6738.67
50.41	6739.97
50.42	6741.29
50.43	6742.62
50.44	6743.97
50.45	6745.35
50.46	6746.7
50.47	6748.08
50.48	6749.45
50.49	6750.81
50.5	6752.71
50.51	6754.57
50.52	6755.91
50.53	6757.28
50.54	6758.58
50.55	6759.94
50.56	6761.25
50.57	6762.57
50.58	6763.88
50.59	6765.24
50.6	6766.56
50.61	6767.9
50.62	6769.24
50.63	6770.58
50.64	6771.91
50.65	6773.23
50.66	6774.57
50.67	6775.93
50.68	6777.25
50.69	6778.57
50.7	6779.87
50.71	6781.19
50.72	6782.51
50.73	6783.84
50.74	6785.13
50.75	6786.43
50.76	6787.72
50.77	6789.04
50.78	6790.37
50.79	6791.68
50.8	6793
50.81	6794.32
50.82	6795.63
50.83	6796.95
50.84	6798.26
50.85	6799.58
50.86	6800.9
50.87	6802.22
50.88	6803.52
50.89	6804.88
50.9	6806.19
50.91	6807.53
50.92	6808.83
50.93	6810.15
50.94	6811.47
50.95	6812.79
50.96	6814.12
50.97	6815.44
50.98	6816.79
50.99	6818.14
51	6820.28
51.01	6821.96
51.02	6823.32
51.03	6824.65
51.04	6825.98
51.05	6827.31
51.06	6828.63
51.07	6829.97
51.08	6831.3
51.09	6832.64
51.1	6833.96
51.11	6835.31
51.12	6836.62
51.13	6837.95
51.14	6839.26
51.15	6840.59
51.16	6841.89
51.17	6843.22
51.18	6844.55
51.19	6845.91
51.2	6847.26
51.21	6848.66
51.22	6849.99
51.23	6851.35
51.24	6852.7
51.25	6854.01
51.26	6855.34
51.27	6856.65
51.28	6857.97
51.29	6859.29
51.3	6860.59
51.31	6861.92
51.32	6863.22
51.33	6864.54
51.34	6865.85
51.35	6867.16
51.36	6868.46
51.37	6869.83
51.38	6871.19
51.39	6872.57
51.4	6873.91
51.41	6875.25
51.42	6876.58
51.43	6877.91
51.44	6879.25
51.45	6880.58
51.46	6881.91
51.47	6883.25
51.48	6884.61
51.49	6885.99
51.5	6888.13
51.51	6889.61
51.52	6890.98
51.53	6892.35
51.54	6893.69
51.55	6895.06
51.56	6896.44
51.57	6897.82
51.58	6899.2
51.59	6900.59
51.6	6901.97
51.61	6903.36
51.62	6904.73
51.63	6906.09
51.64	6907.45
51.65	6908.77
51.66	6910.08
51.67	6911.38
51.68	6912.67
51.69	6913.99
51.7	6915.29
51.71	6916.61
51.72	6917.94
51.73	6919.25
51.74	6920.55
51.75	6921.86
51.76	6923.18
51.77	6924.48
51.78	6925.79
51.79	6927.09
51.8	6928.38
51.81	6929.69
51.82	6930.99
51.83	6932.29
51.84	6933.59
51.85	6934.9
51.86	6936.19
51.87	6937.49
51.88	6938.8
51.89	6940.1
51.9	6941.4
51.91	6942.71
51.92	6944
51.93	6945.31
51.94	6946.6
51.95	6947.91
51.96	6949.2
51.97	6950.51
51.98	6951.81
51.99	6953.1
52	6955.02
52.01	6956.4
52.02	6957.69
52.03	6958.97
52.04	6960.25
52.05	6961.53
52.06	6962.81
52.07	6964.11
52.08	6965.39
52.09	6966.67
52.1	6967.94
52.11	6969.22
52.12	6970.5
52.13	6971.78
52.14	6973.09
52.15	6974.4
52.16	6975.71
52.17	6977.01
52.18	6978.3
52.19	6979.61
52.2	6980.91
52.21	6982.22
52.22	6983.51
52.23	6984.82
52.24	6986.12
52.25	6987.42
52.26	6988.72
52.27	6990.03
52.28	6991.33
52.29	6992.64
52.3	6993.93
52.31	6995.23
52.32	6996.53
52.33	6997.83
52.34	6999.13
52.35	7000.43
52.36	7001.73
52.37	7003.03
52.38	7004.33
52.39	7005.63
52.4	7006.93
52.41	7008.24
52.42	7009.56
52.43	7010.88
52.44	7012.21
52.45	7013.54
52.46	7014.88
52.47	7016.22
52.48	7017.55
52.49	7018.88
52.5	7020.85
52.51	7022.3
52.52	7023.68
52.53	7025.05
52.54	7026.35
52.55	7027.66
52.56	7028.96
52.57	7030.27
52.58	7031.58
52.59	7032.9
52.6	7034.24
52.61	7035.59
52.62	7036.91
52.63	7038.23
52.64	7039.53
52.65	7040.83
52.66	7042.12
52.67	7043.44
52.68	7044.73
52.69	7046.03
52.7	7047.33
52.71	7048.68
52.72	7050.02
52.73	7051.36
52.74	7052.68
52.75	7054.01
52.76	7055.33
52.77	7056.67
52.78	7058
52.79	7059.33
52.8	7060.68
52.81	7062.02
52.82	7063.33
52.83	7064.67
52.84	7065.99
52.85	7067.34
52.86	7068.66
52.87	7069.99
52.88	7071.32
52.89	7072.65
52.9	7074.02
52.91	7075.35
52.92	7076.67
52.93	7078.01
52.94	7079.34
52.95	7080.67
52.96	7081.99
52.97	7083.32
52.98	7084.68
52.99	7086.03
53	7088.07
53.01	7089.48
53.02	7090.81
53.03	7092.13
53.04	7093.42
53.05	7094.71
53.06	7096
53.07	7097.29
53.08	7098.58
53.09	7099.88
53.1	7101.17
53.11	7102.46
53.12	7103.75
53.13	7105.06
53.14	7106.34
53.15	7107.62
53.16	7108.94
53.17	7110.25
53.18	7111.56
53.19	7112.89
53.2	7114.19
53.21	7115.51
53.22	7116.83
53.23	7118.16
53.24	7119.45
53.25	7120.76
53.26	7122.06
53.27	7123.37
53.28	7124.67
53.29	7125.97
53.3	7127.26
53.31	7128.6
53.32	7129.89
53.33	7131.19
53.34	7132.48
53.35	7133.79
53.36	7135.1
53.37	7136.42
53.38	7137.72
53.39	7139.02
53.4	7140.31
53.41	7141.61
53.42	7142.91
53.43	7144.22
53.44	7145.52
53.45	7146.83
53.46	7148.12
53.47	7149.42
53.48	7150.72
53.49	7152.03
53.5	7154.04
53.51	7156.15
53.52	7157.48
53.53	7158.79
53.54	7160.1
53.55	7161.4
53.56	7162.7
53.57	7164.03
53.58	7165.38
53.59	7166.73
53.6	7168.07
53.61	7169.42
53.62	7170.76
53.63	7172.12
53.64	7173.46
53.65	7174.81
53.66	7176.14
53.67	7177.52
53.68	7178.88
53.69	7180.23
53.7	7181.56
53.71	7182.88
53.72	7184.2
53.73	7185.52
53.74	7186.82
53.75	7188.13
53.76	7189.43
53.77	7190.74
53.78	7192.07
53.79	7193.4
53.8	7194.74
53.81	7196.04
53.82	7197.32
53.83	7198.63
53.84	7199.94
53.85	7201.26
53.86	7202.58
53.87	7203.86
53.88	7205.15
53.89	7206.44
53.9	7207.72
53.91	7209.02
53.92	7210.32
53.93	7211.6
53.94	7212.92
53.95	7214.24
53.96	7215.55
53.97	7216.86
53.98	7218.18
53.99	7219.47
54	7221.5
54.01	7222.93
54.02	7224.27
54.03	7225.59
54.04	7226.91
54.05	7228.22
54.06	7229.54
54.07	7230.85
54.08	7232.15
54.09	7233.46
54.1	7234.76
54.11	7236.08
54.12	7237.39
54.13	7238.71
54.14	7240.01
54.15	7241.31
54.16	7242.6
54.17	7243.93
54.18	7245.22
54.19	7246.53
54.2	7247.83
54.21	7249.12
54.22	7250.41
54.23	7251.73
54.24	7253.02
54.25	7254.32
54.26	7255.62
54.27	7256.93
54.28	7258.23
54.29	7259.55
54.3	7260.84
54.31	7262.13
54.32	7263.42
54.33	7264.71
54.34	7265.98
54.35	7267.27
54.36	7268.58
54.37	7269.9
54.38	7271.17
54.39	7272.48
54.4	7273.77
54.41	7275.06
54.42	7276.37
54.43	7277.65
54.44	7278.94
54.45	7280.25
54.46	7281.53
54.47	7282.83
54.48	7284.13
54.49	7285.43
54.5	7287.51
54.51	7288.93
54.52	7290.29
54.53	7291.63
54.54	7292.95
54.55	7294.29
54.56	7295.65
54.57	7297.01
54.58	7298.35
54.59	7299.7
54.6	7301.07
54.61	7302.44
54.62	7303.78
54.63	7305.16
54.64	7306.48
54.65	7307.79
54.66	7309.1
54.67	7310.4
54.68	7311.69
54.69	7313.01
54.7	7314.29
54.71	7315.57
54.72	7316.83
54.73	7318.12
54.74	7319.39
54.75	7320.69
54.76	7321.97
54.77	7323.27
54.78	7324.55
54.79	7325.84
54.8	7327.11
54.81	7328.4
54.82	7329.69
54.83	7330.98
54.84	7332.28
54.85	7333.59
54.86	7334.88
54.87	7336.19
54.88	7337.5
54.89	7338.85
54.9	7340.18
54.91	7341.56
54.92	7342.91
54.93	7344.25
54.94	7345.58
54.95	7346.9
54.96	7348.21
54.97	7349.54
54.98	7350.88
54.99	7352.28
55	7354.41
55.01	7356.87
55.02	7358.25
55.03	7359.64
55.04	7360.98
55.05	7362.31
55.06	7363.63
55.07	7364.94
55.08	7366.26
55.09	7367.56
55.1	7368.86
55.11	7370.16
55.12	7371.45
55.13	7372.76
55.14	7374.07
55.15	7375.37
55.16	7376.66
55.17	7377.97
55.18	7379.27
55.19	7380.58
55.2	7381.88
55.21	7383.2
55.22	7384.5
55.23	7385.82
55.24	7387.16
55.25	7388.51
55.26	7389.89
55.27	7391.25
55.28	7392.62
55.29	7393.98
55.3	7395.34
55.31	7396.71
55.32	7398.07
55.33	7399.45
55.34	7400.79
55.35	7402.15
55.36	7403.51
55.37	7404.87
55.38	7406.22
55.39	7407.57
55.4	7408.91
55.41	7410.25
55.42	7411.58
55.43	7412.93
55.44	7414.28
55.45	7415.64
55.46	7417.01
55.47	7418.37
55.48	7419.71
55.49	7421.08
55.5	7423.01
55.51	7425.07
55.52	7426.43
55.53	7427.8
55.54	7429.16
55.55	7430.53
55.56	7431.87
55.57	7433.23
55.58	7434.58
55.59	7435.93
55.6	7437.28
55.61	7438.63
55.62	7439.96
55.63	7441.31
55.64	7442.63
55.65	7443.96
55.66	7445.23
55.67	7446.52
55.68	7447.81
55.69	7449.11
55.7	7450.43
55.71	7451.73
55.72	7453.04
55.73	7454.35
55.74	7455.65
55.75	7456.98
55.76	7458.29
55.77	7459.6
55.78	7460.92
55.79	7462.21
55.8	7463.5
55.81	7464.77
55.82	7466.05
55.83	7467.35
55.84	7468.62
55.85	7469.92
55.86	7471.2
55.87	7472.49
55.88	7473.77
55.89	7475.06
55.9	7476.34
55.91	7477.63
55.92	7478.92
55.93	7480.21
55.94	7481.49
55.95	7482.78
55.96	7484.05
55.97	7485.34
55.98	7486.62
55.99	7487.93
56	7489.74
56.01	7492.84
56.02	7494.12
56.03	7495.41
56.04	7496.69
56.05	7497.98
56.06	7499.3
56.07	7500.61
56.08	7501.93
56.09	7503.3
56.1	7504.65
56.11	7505.99
56.12	7507.32
56.13	7508.61
56.14	7509.91
56.15	7511.22
56.16	7512.52
56.17	7513.81
56.18	7515.09
56.19	7516.4
56.2	7517.68
56.21	7518.95
56.22	7520.21
56.23	7521.51
56.24	7522.8
56.25	7524.1
56.26	7525.39
56.27	7526.7
56.28	7528
56.29	7529.31
56.3	7530.6
56.31	7531.91
56.32	7533.2
56.33	7534.54
56.34	7535.87
56.35	7537.21
56.36	7538.54
56.37	7539.89
56.38	7541.25
56.39	7542.62
56.4	7543.95
56.41	7545.29
56.42	7546.62
56.43	7547.92
56.44	7549.22
56.45	7550.53
56.46	7551.85
56.47	7553.18
56.48	7554.51
56.49	7555.88
56.5	7557.82
56.51	7559.86
56.52	7561.19
56.53	7562.54
56.54	7563.9
56.55	7565.26
56.56	7566.63
56.57	7567.99
56.58	7569.32
56.59	7570.66
56.6	7571.98
56.61	7573.32
56.62	7574.65
56.63	7575.99
56.64	7577.35
56.65	7578.72
56.66	7580.09
56.67	7581.44
56.68	7582.79
56.69	7584.15
56.7	7585.51
56.71	7586.83
56.72	7588.14
56.73	7589.46
56.74	7590.78
56.75	7592.13
56.76	7593.49
56.77	7594.83
56.78	7596.13
56.79	7597.44
56.8	7598.74
56.81	7600.04
56.82	7601.37
56.83	7602.68
56.84	7604
56.85	7605.32
56.86	7606.64
56.87	7607.95
56.88	7609.27
56.89	7610.55
56.9	7611.83
56.91	7613.13
56.92	7614.41
56.93	7615.7
56.94	7616.98
56.95	7618.27
56.96	7619.58
56.97	7620.9
56.98	7622.21
56.99	7623.52
57	7625.38
57.01	7627.16
57.02	7628.45
57.03	7629.76
57.04	7631.05
57.05	7632.37
57.06	7633.74
57.07	7635.08
57.08	7636.42
57.09	7637.77
57.1	7639.12
57.11	7640.47
57.12	7641.8
57.13	7643.15
57.14	7644.48
57.15	7645.86
57.16	7647.18
57.17	7648.51
57.18	7649.83
57.19	7651.16
57.2	7652.49
57.21	7653.81
57.22	7655.11
57.23	7656.43
57.24	7657.73
57.25	7659.04
57.26	7660.33
57.27	7661.62
57.28	7662.91
57.29	7664.22
57.3	7665.52
57.31	7666.83
57.32	7668.13
57.33	7669.43
57.34	7670.74
57.35	7672.06
57.36	7673.38
57.37	7674.67
57.38	7675.95
57.39	7677.24
57.4	7678.52
57.41	7679.8
57.42	7681.08
57.43	7682.34
57.44	7683.61
57.45	7684.87
57.46	7686.13
57.47	7687.39
57.48	7688.66
57.49	7689.98
57.5	7691.91
57.51	7693.39
57.52	7694.67
57.53	7695.95
57.54	7697.24
57.55	7698.53
57.56	7699.81
57.57	7701.11
57.58	7702.39
57.59	7703.68
57.6	7704.96
57.61	7706.25
57.62	7707.53
57.63	7708.83
57.64	7710.1
57.65	7711.39
57.66	7712.67
57.67	7713.96
57.68	7715.24
57.69	7716.53
57.7	7717.83
57.71	7719.14
57.72	7720.43
57.73	7721.74
57.74	7723.04
57.75	7724.35
57.76	7725.66
57.77	7726.98
57.78	7728.3
57.79	7729.62
57.8	7730.94
57.81	7732.25
57.82	7733.56
57.83	7734.84
57.84	7736.14
57.85	7737.46
57.86	7738.77
57.87	7740.05
57.88	7741.34
57.89	7742.63
57.9	7743.91
57.91	7745.19
57.92	7746.48
57.93	7747.76
57.94	7749.08
57.95	7750.38
57.96	7751.71
57.97	7753
57.98	7754.28
57.99	7755.57
58	7757.58
58.01	7762.02
58.02	7763.32
58.03	7764.61
58.04	7765.9
58.05	7767.19
58.06	7768.47
58.07	7769.75
58.08	7771.02
58.09	7772.3
58.1	7773.58
58.11	7774.86
58.12	7776.13
58.13	7777.41
58.14	7778.69
58.15	7779.97
58.16	7781.24
58.17	7782.53
58.18	7783.81
58.19	7785.11
58.2	7786.39
58.21	7787.68
58.22	7788.96
58.23	7790.24
58.24	7791.53
58.25	7792.82
58.26	7794.1
58.27	7795.4
58.28	7796.71
58.29	7798
58.3	7799.28
58.31	7800.57
58.32	7801.86
58.33	7803.15
58.34	7804.42
58.35	7805.71
58.36	7806.99
58.37	7808.28
58.38	7809.59
58.39	7810.9
58.4	7812.2
58.41	7813.52
58.42	7814.84
58.43	7816.18
58.44	7817.52
58.45	7818.88
58.46	7820.23
58.47	7821.58
58.48	7822.94
58.49	7824.32
58.5	7826.37
58.51	7828.52
58.52	7829.84
58.53	7831.17
58.54	7832.51
58.55	7833.84
58.56	7835.15
58.57	7836.48
58.58	7837.79
58.59	7839.1
58.6	7840.45
58.61	7841.77
58.62	7843.12
58.63	7844.47
58.64	7845.82
58.65	7847.15
58.66	7848.48
58.67	7849.85
58.68	7851.19
58.69	7852.53
58.7	7853.84
58.71	7855.16
58.72	7856.48
58.73	7857.81
58.74	7859.11
58.75	7860.44
58.76	7861.73
58.77	7863.04
58.78	7864.36
58.79	7865.71
58.8	7867.02
58.81	7868.33
58.82	7869.65
58.83	7870.97
58.84	7872.29
58.85	7873.61
58.86	7874.93
58.87	7876.25
58.88	7877.6
58.89	7878.92
58.9	7880.23
58.91	7881.56
58.92	7882.87
58.93	7884.19
58.94	7885.51
58.95	7886.83
58.96	7888.16
58.97	7889.48
58.98	7890.82
58.99	7892.18
59	7894.21
59.01	7895.63
59.02	7896.95
59.03	7898.28
59.04	7899.6
59.05	7900.92
59.06	7902.25
59.07	7903.58
59.08	7904.92
59.09	7906.28
59.1	7907.62
59.11	7908.97
59.12	7910.31
59.13	7911.64
59.14	7912.95
59.15	7914.28
59.16	7915.59
59.17	7916.94
59.18	7918.28
59.19	7919.65
59.2	7920.98
59.21	7922.32
59.22	7923.65
59.23	7924.98
59.24	7926.31
59.25	7927.65
59.26	7928.96
59.27	7930.28
59.28	7931.59
59.29	7932.91
59.3	7934.21
59.31	7935.52
59.32	7936.82
59.33	7938.15
59.34	7939.44
59.35	7940.77
59.36	7942.08
59.37	7943.43
59.38	7944.76
59.39	7946.13
59.4	7947.47
59.41	7948.83
59.42	7950.15
59.43	7951.49
59.44	7952.86
59.45	7954.2
59.46	7955.54
59.47	7956.87
59.48	7958.24
59.49	7959.6
59.5	7961.57
59.51	7963.4
59.52	7964.76
59.53	7966.13
59.54	7967.48
59.55	7968.85
59.56	7970.23
59.57	7971.6
59.58	7972.95
59.59	7974.31
59.6	7975.66
59.61	7977.06
59.62	7978.41
59.63	7979.73
59.64	7981.08
59.65	7982.43
59.66	7983.74
59.67	7985.05
59.68	7986.34
59.69	7987.65
59.7	7988.94
59.71	7990.25
59.72	7991.56
59.73	7992.86
59.74	7994.15
59.75	7995.46
59.76	7996.76
59.77	7998.07
59.78	7999.36
59.79	8000.67
59.8	8001.96
59.81	8003.27
59.82	8004.56
59.83	8005.87
59.84	8007.17
59.85	8008.48
59.86	8009.77
59.87	8011.09
59.88	8012.39
59.89	8013.69
59.9	8014.98
59.91	8016.29
59.92	8017.57
59.93	8018.86
59.94	8020.15
59.95	8021.46
59.96	8022.76
59.97	8024.13
59.98	8025.43
59.99	8026.71
60	8028.56
60.01	8030.38
60.02	8031.68
60.03	8033.01
60.04	8034.28
60.05	8035.57
60.06	8036.85
60.07	8038.15
60.08	8039.43
60.09	8040.72
60.1	8042
60.11	8043.33
60.12	8044.61
60.13	8045.92
60.14	8047.22
60.15	8048.51
60.16	8049.8
60.17	8051.1
60.18	8052.39
60.19	8053.7
60.2	8054.99
60.21	8056.29
60.22	8057.6
60.23	8058.9
60.24	8060.2
60.25	8061.51
60.26	8062.81
60.27	8064.11
60.28	8065.41
60.29	8066.72
60.3	8068.02
60.31	8069.32
60.32	8070.62
60.33	8071.92
60.34	8073.22
60.35	8074.54
60.36	8075.84
60.37	8077.14
60.38	8078.44
60.39	8079.74
60.4	8081.03
60.41	8082.34
60.42	8083.67
60.43	8084.99
60.44	8086.32
60.45	8087.64
60.46	8088.97
60.47	8090.31
60.48	8091.64
60.49	8092.99
60.5	8095.01
60.51	8096.67
60.52	8098.01
60.53	8099.36
60.54	8100.67
60.55	8101.99
60.56	8103.29
60.57	8104.61
60.58	8105.91
60.59	8107.22
60.6	8108.53
60.61	8109.89
60.62	8111.21
60.63	8112.54
60.64	8113.83
60.65	8115.13
60.66	8116.43
60.67	8117.73
60.68	8119.04
60.69	8120.34
60.7	8121.63
60.71	8122.94
60.72	8124.26
60.73	8125.6
60.74	8126.93
60.75	8128.27
60.76	8129.59
60.77	8130.93
60.78	8132.29
60.79	8133.64
60.8	8134.96
60.81	8136.31
60.82	8137.64
60.83	8138.98
60.84	8140.31
60.85	8141.65
60.86	8142.97
60.87	8144.31
60.88	8145.64
60.89	8146.97
60.9	8148.3
60.91	8149.63
60.92	8150.95
60.93	8152.29
60.94	8153.62
60.95	8154.95
60.96	8156.29
60.97	8157.62
60.98	8158.95
60.99	8160.29
61	8162.12
61.01	8164.08
61.02	8165.39
61.03	8166.73
61.04	8168.03
61.05	8169.33
61.06	8170.61
61.07	8171.91
61.08	8173.2
61.09	8174.5
61.1	8175.8
61.11	8177.11
61.12	8178.4
61.13	8179.7
61.14	8181
61.15	8182.32
61.16	8183.63
61.17	8184.95
61.18	8186.23
61.19	8187.52
61.2	8188.8
61.21	8190.1
61.22	8191.38
61.23	8192.67
61.24	8193.96
61.25	8195.27
61.26	8196.56
61.27	8197.87
61.28	8199.16
61.29	8200.46
61.3	8201.75
61.31	8203.05
61.32	8204.34
61.33	8205.66
61.34	8206.98
61.35	8208.29
61.36	8209.57
61.37	8210.87
61.38	8212.16
61.39	8213.45
61.4	8214.74
61.41	8216.05
61.42	8217.35
61.43	8218.65
61.44	8219.95
61.45	8221.26
61.46	8222.55
61.47	8223.86
61.48	8225.15
61.49	8226.46
61.5	8228.42
61.51	8231.99
61.52	8233.3
61.53	8234.6
61.54	8235.88
61.55	8237.19
61.56	8238.52
61.57	8239.86
61.58	8241.2
61.59	8242.56
61.6	8243.92
61.61	8245.26
61.62	8246.59
61.63	8247.92
61.64	8249.25
61.65	8250.59
61.66	8251.92
61.67	8253.28
61.68	8254.64
61.69	8255.99
61.7	8257.33
61.71	8258.65
61.72	8259.97
61.73	8261.29
61.74	8262.6
61.75	8263.91
61.76	8265.22
61.77	8266.53
61.78	8267.88
61.79	8269.22
61.8	8270.52
61.81	8271.85
61.82	8273.15
61.83	8274.44
61.84	8275.74
61.85	8277.04
61.86	8278.35
61.87	8279.65
61.88	8280.95
61.89	8282.25
61.9	8283.56
61.91	8284.87
61.92	8286.16
61.93	8287.46
61.94	8288.78
61.95	8290.08
61.96	8291.37
61.97	8292.7
61.98	8294.01
61.99	8295.31
62	8297.18
62.01	8298.54
62.02	8299.86
62.03	8301.17
62.04	8302.48
62.05	8303.81
62.06	8305.1
62.07	8306.4
62.08	8307.71
62.09	8309.02
62.1	8310.32
62.11	8311.65
62.12	8312.96
62.13	8314.26
62.14	8315.58
62.15	8316.9
62.16	8318.22
62.17	8319.52
62.18	8320.83
62.19	8322.16
62.2	8323.48
62.21	8324.78
62.22	8326.09
62.23	8327.38
62.24	8328.7
62.25	8329.99
62.26	8331.27
62.27	8332.56
62.28	8333.84
62.29	8335.12
62.3	8336.41
62.31	8337.69
62.32	8338.97
62.33	8340.27
62.34	8341.55
62.35	8342.84
62.36	8344.12
62.37	8345.4
62.38	8346.67
62.39	8347.98
62.4	8349.27
62.41	8350.58
62.42	8351.86
62.43	8353.15
62.44	8354.44
62.45	8355.74
62.46	8357.04
62.47	8358.34
62.48	8359.63
62.49	8360.93
62.5	8362.86
62.51	8365.44
62.52	8366.74
62.53	8368.06
62.54	8369.41
62.55	8370.75
62.56	8372.09
62.57	8373.49
62.58	8374.85
62.59	8376.21
62.6	8377.58
62.61	8378.93
62.62	8380.3
62.63	8381.67
62.64	8382.99
62.65	8384.32
62.66	8385.63
62.67	8386.93
62.68	8388.23
62.69	8389.54
62.7	8390.81
62.71	8392.1
62.72	8393.37
62.73	8394.65
62.74	8395.92
62.75	8397.21
62.76	8398.47
62.77	8399.75
62.78	8401.03
62.79	8402.32
62.8	8403.62
62.81	8404.95
62.82	8406.26
62.83	8407.58
62.84	8408.89
62.85	8410.18
62.86	8411.47
62.87	8412.77
62.88	8414.08
62.89	8415.45
62.9	8416.77
62.91	8418.13
62.92	8419.52
62.93	8420.86
62.94	8422.2
62.95	8423.51
62.96	8424.83
62.97	8426.16
62.98	8427.51
62.99	8428.89
63	8430.94
63.01	8432.4
63.02	8433.74
63.03	8435.1
63.04	8436.44
63.05	8437.77
63.06	8439.08
63.07	8440.39
63.08	8441.72
63.09	8443.06
63.1	8444.35
63.11	8445.66
63.12	8446.96
63.13	8448.26
63.14	8449.56
63.15	8450.86
63.16	8452.2
63.17	8453.52
63.18	8454.81
63.19	8456.12
63.2	8457.44
63.21	8458.76
63.22	8460.07
63.23	8461.39
63.24	8462.73
63.25	8464.08
63.26	8465.42
63.27	8466.77
63.28	8468.14
63.29	8469.5
63.3	8470.87
63.31	8472.24
63.32	8473.6
63.33	8474.94
63.34	8476.28
63.35	8477.64
63.36	8478.98
63.37	8480.34
63.38	8481.68
63.39	8483.04
63.4	8484.38
63.41	8485.73
63.42	8487.07
63.43	8488.43
63.44	8489.78
63.45	8491.13
63.46	8492.48
63.47	8493.82
63.48	8495.16
63.49	8496.52
63.5	8498.61
63.51	8500.04
63.52	8501.4
63.53	8502.76
63.54	8504.12
63.55	8505.49
63.56	8506.85
63.57	8508.2
63.58	8509.54
63.59	8510.89
63.6	8512.23
63.61	8513.56
63.62	8514.88
63.63	8516.21
63.64	8517.51
63.65	8518.82
63.66	8520.1
63.67	8521.39
63.68	8522.7
63.69	8524
63.7	8525.3
63.71	8526.6
63.72	8527.89
63.73	8529.19
63.74	8530.49
63.75	8531.82
63.76	8533.13
63.77	8534.45
63.78	8535.76
63.79	8537.08
63.8	8538.38
63.81	8539.7
63.82	8541
63.83	8542.29
63.84	8543.58
63.85	8544.86
63.86	8546.15
63.87	8547.43
63.88	8548.71
63.89	8550.04
63.9	8551.29
63.91	8552.54
63.92	8553.8
63.93	8555.05
63.94	8556.3
63.95	8557.56
63.96	8558.83
63.97	8560.12
63.98	8561.4
63.99	8562.7
64	8564.62
