0.00119904	2
0.00263651	2
0.00436346	2
0.00643726	2
0.00893	2
0.0119243	2
0.0159622	2
0.02	2
0.0248485	2
0.029899	2
0.0349495	2
0.04	3
0.0460526	3
0.0530263	3
0.06	3
0.07	3
0.08	3
0.09	3
0.1	3
0.11	3
0.12	3
0.13	3
0.14	3
0.15	3
0.16	3
0.17	3
0.18	3
0.19	3
0.2	3
0.21	3
0.22	4
0.23	4
0.24	4
0.25	4
0.26	4
0.27	4
0.28	4
0.29	3
0.3	4
0.31	4
0.32	4
0.33	4
0.34	4
0.35	4
0.36	4
0.37	4
0.38	4
0.39	4
0.4	4
0.41	3
0.42	3
0.43	3
0.44	3
0.45	3
0.46	3
0.47	3
0.48	3
0.49	3
0.5	3
0.51	3
0.52	3
0.53	3
0.54	3
0.55	3
0.56	3
0.57	3
0.58	3
0.59	3
0.6	3
0.61	4
0.62	3
0.63	3
0.64	3
0.65	3
0.66	3
0.67	3
0.68	3
0.69	3
0.7	3
0.71	3
0.72	3
0.73	3
0.74	3
0.75	3
0.76	3
0.77	3
0.78	3
0.79	3
0.8	3
0.81	3
0.82	3
0.83	3
0.84	4
0.85	3
0.86	3
0.87	3
0.88	3
0.89	4
0.9	4
0.91	4
0.92	4
0.93	4
0.94	4
0.95	4
0.96	4
0.97	3
0.98	4
0.99	4
1	4
1.01	4
1.02	4
1.03	4
1.04	4
1.05	4
1.06	4
1.07	4
1.08	4
1.09	4
1.1	4
1.11	4
1.12	4
1.13	4
1.14	4
1.15	4
1.16	4
1.17	4
1.18	4
1.19	4
1.2	4
1.21	4
1.22	4
1.23	4
1.24	4
1.25	4
1.26	4
1.27	4
1.28	4
1.29	4
1.3	4
1.31	4
1.32	4
1.33	4
1.34	4
1.35	4
1.36	4
1.37	4
1.38	4
1.39	4
1.4	4
1.41	3
1.42	3
1.43	3
1.44	3
1.45	3
1.46	3
1.47	3
1.48	3
1.49	3
1.5	3
1.51	3
1.52	3
1.53	3
1.54	4
1.55	4
1.56	4
1.57	4
1.58	4
1.59	4
1.6	4
1.61	4
1.62	4
1.63	4
1.64	4
1.65	4
1.66	4
1.67	4
1.68	4
1.69	4
1.7	3
1.71	3
1.72	3
1.73	3
1.74	3
1.75	3
1.76	3
1.77	4
1.78	4
1.79	4
1.8	4
1.81	4
1.82	4
1.83	4
1.84	4
1.85	4
1.86	4
1.87	4
1.88	4
1.89	4
1.9	4
1.91	4
1.92	4
1.93	4
1.94	4
1.95	4
1.96	4
1.97	4
1.98	4
1.99	4
2	4
2.01	3
2.02	3
2.03	3
2.04	3
2.05	3
2.06	3
2.07	3
2.08	3
2.09	3
2.1	3
2.11	3
2.12	3
2.13	3
2.14	3
2.15	3
2.16	3
2.17	3
2.18	4
2.19	4
2.2	4
2.21	4
2.22	4
2.23	4
2.24	4
2.25	4
2.26	4
2.27	4
2.28	4
2.29	4
2.3	4
2.31	4
2.32	4
2.33	4
2.34	4
2.35	4
2.36	4
2.37	4
2.38	3
2.39	3
2.4	3
2.41	3
2.42	4
2.43	4
2.44	4
2.45	4
2.46	4
2.47	4
2.48	4
2.49	4
2.5	4
2.51	4
2.52	4
2.53	3
2.54	3
2.55	3
2.56	3
2.57	4
2.58	4
2.59	4
2.6	3
2.61	4
2.62	4
2.63	4
2.64	4
2.65	4
2.66	4
2.67	3
2.68	3
2.69	3
2.7	3
2.71	3
2.72	3
2.73	3
2.74	3
2.75	3
2.76	3
2.77	4
2.78	4
2.79	4
2.8	4
2.81	4
2.82	4
2.83	4
2.84	4
2.85	4
2.86	4
2.87	4
2.88	4
2.89	4
2.9	4
2.91	4
2.92	3
2.93	3
2.94	3
2.95	3
2.96	3
2.97	3
2.98	4
2.99	4
3	4
3.01	4
3.02	4
3.03	4
3.04	4
3.05	4
3.06	4
3.07	4
3.08	4
3.09	4
3.1	4
3.11	4
3.12	4
3.13	4
3.14	4
3.15	4
3.16	4
3.17	4
3.18	4
3.19	4
3.2	4
3.21	4
3.22	4
3.23	4
3.24	4
3.25	4
3.26	4
3.27	4
3.28	3
3.29	3
3.3	3
3.31	3
3.32	3
3.33	3
3.34	3
3.35	3
3.36	3
3.37	3
3.38	4
3.39	4
3.4	4
3.41	4
3.42	4
3.43	4
3.44	4
3.45	4
3.46	4
3.47	4
3.48	4
3.49	4
3.5	4
3.51	4
3.52	4
3.53	4
3.54	4
3.55	4
3.56	4
3.57	4
3.58	4
3.59	4
3.6	4
3.61	3
3.62	3
3.63	3
3.64	3
3.65	3
3.66	3
3.67	4
3.68	4
3.69	4
3.7	4
3.71	4
3.72	4
3.73	4
3.74	4
3.75	4
3.76	4
3.77	4
3.78	4
3.79	4
3.8	4
3.81	4
3.82	4
3.83	4
3.84	4
3.85	4
3.86	4
3.87	4
3.88	4
3.89	4
3.9	4
3.91	3
3.92	3
3.93	3
3.94	3
3.95	4
3.96	4
3.97	4
3.98	4
3.99	4
4	4
4.01	4
4.02	4
4.03	4
4.04	4
4.05	4
4.06	4
4.07	3
4.08	3
4.09	3
4.1	3
4.11	3
4.12	4
4.13	4
4.14	4
4.15	4
4.16	4
4.17	4
4.18	4
4.19	4
4.2	4
4.21	4
4.22	4
4.23	4
4.24	4
4.25	4
4.26	4
4.27	4
4.28	4
4.29	4
4.3	4
4.31	4
4.32	4
4.33	4
4.34	4
4.35	4
4.36	4
4.37	4
4.38	4
4.39	4
4.4	4
4.41	4
4.42	4
4.43	4
4.44	4
4.45	4
4.46	4
4.47	4
4.48	4
4.49	4
4.5	4
4.51	4
4.52	4
4.53	4
4.54	4
4.55	4
4.56	3
4.57	4
4.58	4
4.59	4
4.6	4
4.61	4
4.62	4
4.63	4
4.64	4
4.65	4
4.66	4
4.67	4
4.68	4
4.69	4
4.7	4
4.71	4
4.72	4
4.73	4
4.74	4
4.75	4
4.76	4
4.77	4
4.78	4
4.79	4
4.8	4
4.81	4
4.82	4
4.83	4
4.84	4
4.85	4
4.86	4
4.87	4
4.88	4
4.89	4
4.9	4
4.91	4
4.92	4
4.93	4
4.94	4
4.95	4
4.96	4
4.97	4
4.98	3
4.99	3
5	3
5.01	3
5.02	3
5.03	3
5.04	3
5.05	3
5.06	3
5.07	3
5.08	3
5.09	3
5.1	3
5.11	4
5.12	4
5.13	4
5.14	4
5.15	4
5.16	4
5.17	4
5.18	4
5.19	4
5.2	4
5.21	4
5.22	4
5.23	4
5.24	4
5.25	4
5.26	4
5.27	4
5.28	3
5.29	3
5.3	3
5.31	3
5.32	3
5.33	3
5.34	3
5.35	3
5.36	3
5.37	3
5.38	3
5.39	3
5.4	3
5.41	4
5.42	4
5.43	4
5.44	4
5.45	4
5.46	4
5.47	4
5.48	4
5.49	4
5.5	4
5.51	4
5.52	4
5.53	4
5.54	4
5.55	4
5.56	4
5.57	4
5.58	4
5.59	4
5.6	4
5.61	4
5.62	3
5.63	3
5.64	4
5.65	4
5.66	4
5.67	3
5.68	4
5.69	3
5.7	3
5.71	3
5.72	3
5.73	3
5.74	3
5.75	3
5.76	3
5.77	3
5.78	3
5.79	3
5.8	3
5.81	4
5.82	4
5.83	4
5.84	4
5.85	4
5.86	4
5.87	4
5.88	4
5.89	4
5.9	4
5.91	4
5.92	4
5.93	4
5.94	4
5.95	4
5.96	4
5.97	4
5.98	4
5.99	4
6	4
6.01	4
6.02	4
6.03	4
6.04	4
6.05	4
6.06	4
6.07	4
6.08	4
6.09	4
6.1	4
6.11	4
6.12	4
6.13	4
6.14	4
6.15	4
6.16	4
6.17	4
6.18	4
6.19	4
6.2	4
6.21	4
6.22	4
6.23	4
6.24	4
6.25	4
6.26	4
6.27	4
6.28	4
6.29	4
6.3	4
6.31	4
6.32	4
6.33	4
6.34	4
6.35	4
6.36	3
6.37	3
6.38	3
6.39	3
6.4	3
6.41	3
6.42	3
6.43	3
6.44	3
6.45	3
6.46	3
6.47	3
6.48	4
6.49	4
6.5	4
6.51	4
6.52	4
6.53	4
6.54	4
6.55	4
6.56	4
6.57	4
6.58	4
6.59	4
6.6	4
6.61	4
6.62	4
6.63	4
6.64	4
6.65	4
6.66	3
6.67	3
6.68	4
6.69	4
6.7	4
6.71	4
6.72	4
6.73	4
6.74	4
6.75	4
6.76	4
6.77	4
6.78	4
6.79	4
6.8	4
6.81	4
6.82	4
6.83	4
6.84	4
6.85	4
6.86	4
6.87	4
6.88	4
6.89	4
6.9	4
6.91	4
6.92	4
6.93	4
6.94	4
6.95	4
6.96	4
6.97	4
6.98	3
6.99	3
7	3
7.01	3
7.02	3
7.03	3
7.04	3
7.05	3
7.06	3
7.07	3
7.08	3
7.09	3
7.1	3
7.11	3
7.12	4
7.13	4
7.14	4
7.15	4
7.16	4
7.17	4
7.18	4
7.19	4
7.2	3
7.21	3
7.22	3
7.23	3
7.24	3
7.25	3
7.26	3
7.27	4
7.28	4
7.29	4
7.3	4
7.31	4
7.32	4
7.33	4
7.34	4
7.35	4
7.36	4
7.37	4
7.38	4
7.39	4
7.4	4
7.41	4
7.42	4
7.43	4
7.44	4
7.45	4
7.46	4
7.47	4
7.48	4
7.49	4
7.5	4
7.51	4
7.52	4
7.53	4
7.54	4
7.55	4
7.56	4
7.57	4
7.58	4
7.59	4
7.6	4
7.61	4
7.62	4
7.63	4
7.64	4
7.65	4
7.66	4
7.67	3
7.68	4
7.69	4
7.7	4
7.71	4
7.72	4
7.73	4
7.74	4
7.75	4
7.76	4
7.77	4
7.78	4
7.79	4
7.8	4
7.81	4
7.82	4
7.83	4
7.84	4
7.85	4
7.86	4
7.87	4
7.88	4
7.89	4
7.9	4
7.91	4
7.92	4
7.93	4
7.94	4
7.95	4
7.96	4
7.97	4
7.98	4
7.99	4
8	4
8.01	4
8.02	4
8.03	4
8.04	4
8.05	4
8.06	4
8.07	3
8.08	3
8.09	3
8.1	3
8.11	3
8.12	3
8.13	3
8.14	3
8.15	3
8.16	3
8.17	3
8.18	4
8.19	4
8.2	4
8.21	4
8.22	4
8.23	4
8.24	4
8.25	4
8.26	4
8.27	4
8.28	4
8.29	4
8.3	4
8.31	4
8.32	4
8.33	4
8.34	4
8.35	4
8.36	4
8.37	4
8.38	4
8.39	4
8.4	4
8.41	4
8.42	4
8.43	4
8.44	3
8.45	3
8.46	3
8.47	3
8.48	3
8.49	3
8.5	3
8.51	3
8.52	3
8.53	3
8.54	3
8.55	3
8.56	3
8.57	3
8.58	4
8.59	4
8.6	4
8.61	4
8.62	4
8.63	4
8.64	4
8.65	4
8.66	4
8.67	4
8.68	4
8.69	4
8.7	4
8.71	4
8.72	4
8.73	4
8.74	4
8.75	4
8.76	4
8.77	4
8.78	4
8.79	4
8.8	4
8.81	4
8.82	4
8.83	4
8.84	4
8.85	4
8.86	4
8.87	4
8.88	4
8.89	4
8.9	4
8.91	4
8.92	4
8.93	4
8.94	4
8.95	4
8.96	4
8.97	4
8.98	3
8.99	3
9	3
9.01	3
9.02	3
9.03	3
9.04	3
9.05	4
9.06	4
9.07	4
9.08	4
9.09	4
9.1	4
9.11	4
9.12	4
9.13	4
9.14	4
9.15	4
9.16	4
9.17	4
9.18	4
9.19	4
9.2	4
9.21	4
9.22	4
9.23	4
9.24	4
9.25	4
9.26	4
9.27	4
9.28	4
9.29	4
9.3	4
9.31	4
9.32	4
9.33	4
9.34	4
9.35	4
9.36	4
9.37	4
9.38	4
9.39	4
9.4	4
9.41	3
9.42	3
9.43	3
9.44	3
9.45	3
9.46	3
9.47	3
9.48	3
9.49	4
9.5	4
9.51	4
9.52	4
9.53	4
9.54	4
9.55	4
9.56	4
9.57	4
9.58	4
9.59	4
9.6	4
9.61	4
9.62	4
9.63	4
9.64	4
9.65	4
9.66	4
9.67	3
9.68	4
9.69	4
9.7	4
9.71	4
9.72	3
9.73	3
9.74	3
9.75	3
9.76	3
9.77	4
9.78	4
9.79	4
9.8	4
9.81	4
9.82	4
9.83	4
9.84	4
9.85	4
9.86	4
9.87	4
9.88	4
9.89	4
9.9	4
9.91	4
9.92	4
9.93	4
9.94	4
9.95	4
9.96	4
9.97	4
9.98	4
9.99	4
10	4
10.01	4
10.02	4
10.03	3
10.04	3
10.05	3
10.06	3
10.07	3
10.08	4
10.09	4
10.1	3
10.11	3
10.12	3
10.13	3
10.14	3
10.15	3
10.16	3
10.17	3
10.18	3
10.19	3
10.2	3
10.21	4
10.22	4
10.23	4
10.24	4
10.25	4
10.26	4
10.27	4
10.28	4
10.29	4
10.3	4
10.31	4
10.32	4
10.33	4
10.34	4
10.35	4
10.36	4
10.37	4
10.38	4
10.39	4
10.4	4
10.41	4
10.42	4
10.43	4
10.44	4
10.45	4
10.46	4
10.47	4
10.48	4
10.49	4
10.5	4
10.51	4
10.52	4
10.53	4
10.54	4
10.55	4
10.56	4
10.57	4
10.58	4
10.59	4
10.6	4
10.61	3
10.62	3
10.63	4
10.64	4
10.65	4
10.66	4
10.67	3
10.68	3
10.69	3
10.7	3
10.71	3
10.72	3
10.73	3
10.74	3
10.75	3
10.76	3
10.77	3
10.78	3
10.79	4
10.8	4
10.81	4
10.82	4
10.83	4
10.84	4
10.85	4
10.86	4
10.87	4
10.88	4
10.89	4
10.9	4
10.91	4
10.92	4
10.93	3
10.94	3
10.95	3
10.96	3
10.97	3
10.98	3
10.99	3
11	3
11.01	3
11.02	3
11.03	4
11.04	4
11.05	4
11.06	4
11.07	4
11.08	4
11.09	4
11.1	4
11.11	4
11.12	4
11.13	4
11.14	4
11.15	4
11.16	4
11.17	4
11.18	4
11.19	4
11.2	4
11.21	4
11.22	4
11.23	4
11.24	4
11.25	4
11.26	4
11.27	4
11.28	4
11.29	3
11.3	3
11.31	3
11.32	3
11.33	3
11.34	3
11.35	3
11.36	3
11.37	3
11.38	3
11.39	3
11.4	4
11.41	4
11.42	4
11.43	4
11.44	4
11.45	4
11.46	4
11.47	4
11.48	4
11.49	4
11.5	4
11.51	4
11.52	4
11.53	4
11.54	4
11.55	4
11.56	4
11.57	4
11.58	4
11.59	4
11.6	4
11.61	4
11.62	4
11.63	4
11.64	4
11.65	4
11.66	4
11.67	4
11.68	4
11.69	4
11.7	4
11.71	4
11.72	4
11.73	4
11.74	4
11.75	4
11.76	4
11.77	4
11.78	4
11.79	4
11.8	4
11.81	4
11.82	4
11.83	4
11.84	4
11.85	4
11.86	4
11.87	4
11.88	4
11.89	4
11.9	4
11.91	3
11.92	3
11.93	3
11.94	4
11.95	4
11.96	4
11.97	4
11.98	4
11.99	4
12	4
12.01	4
12.02	4
12.03	4
12.04	4
12.05	4
12.06	4
12.07	4
12.08	3
12.09	3
12.1	3
12.11	3
12.12	3
12.13	3
12.14	3
12.15	4
12.16	4
12.17	4
12.18	4
12.19	4
12.2	4
12.21	4
12.22	4
12.23	4
12.24	4
12.25	4
12.26	4
12.27	4
12.28	4
12.29	4
12.3	4
12.31	4
12.32	4
12.33	4
12.34	4
12.35	4
12.36	4
12.37	4
12.38	4
12.39	4
12.4	4
12.41	4
12.42	4
12.43	4
12.44	4
12.45	4
12.46	4
12.47	4
12.48	4
12.49	4
12.5	4
12.51	4
12.52	4
12.53	4
12.54	3
12.55	3
12.56	3
12.57	3
12.58	4
12.59	4
12.6	4
12.61	4
12.62	4
12.63	4
12.64	4
12.65	4
12.66	4
12.67	4
12.68	4
12.69	4
12.7	4
12.71	4
12.72	4
12.73	4
12.74	4
12.75	4
12.76	4
12.77	4
12.78	4
12.79	4
12.8	4
12.81	4
12.82	4
12.83	4
12.84	4
12.85	4
12.86	4
12.87	4
12.88	4
12.89	4
12.9	4
12.91	4
12.92	4
12.93	4
12.94	4
12.95	4
12.96	4
12.97	4
12.98	4
12.99	3
13	3
13.01	3
13.02	3
13.03	3
13.04	3
13.05	3
13.06	3
13.07	3
13.08	3
13.09	4
13.1	4
13.11	4
13.12	4
13.13	4
13.14	4
13.15	4
13.16	4
13.17	4
13.18	4
13.19	4
13.2	4
13.21	4
13.22	4
13.23	4
13.24	4
13.25	4
13.26	4
13.27	4
13.28	4
13.29	3
13.3	3
13.31	3
13.32	3
13.33	3
13.34	3
13.35	3
13.36	3
13.37	3
13.38	3
13.39	3
13.4	3
13.41	3
13.42	3
13.43	4
13.44	4
13.45	3
13.46	3
13.47	3
13.48	4
13.49	4
13.5	4
13.51	4
13.52	4
13.53	4
13.54	4
13.55	4
13.56	4
13.57	4
13.58	4
13.59	4
13.6	4
13.61	4
13.62	3
13.63	3
13.64	3
13.65	4
13.66	4
13.67	4
13.68	4
13.69	4
13.7	3
13.71	3
13.72	3
13.73	3
13.74	3
13.75	3
13.76	3
13.77	3
13.78	3
13.79	3
13.8	3
13.81	3
13.82	3
13.83	3
13.84	4
13.85	4
13.86	4
13.87	4
13.88	4
13.89	4
13.9	4
13.91	4
13.92	4
13.93	4
13.94	4
13.95	4
13.96	4
13.97	4
13.98	4
13.99	4
14	4
14.01	4
14.02	4
14.03	4
14.04	4
14.05	4
14.06	4
14.07	4
14.08	4
14.09	4
14.1	4
14.11	4
14.12	4
14.13	4
14.14	4
14.15	4
14.16	4
14.17	4
14.18	4
14.19	4
14.2	4
14.21	4
14.22	4
14.23	4
14.24	4
14.25	4
14.26	4
14.27	4
14.28	4
14.29	4
14.3	4
14.31	4
14.32	4
14.33	3
14.34	4
14.35	4
14.36	3
14.37	3
14.38	3
14.39	3
14.4	3
14.41	3
14.42	3
14.43	3
14.44	3
14.45	3
14.46	3
14.47	4
14.48	4
14.49	4
14.5	4
14.51	4
14.52	4
14.53	4
14.54	4
14.55	4
14.56	4
14.57	4
14.58	4
14.59	4
14.6	4
14.61	4
14.62	4
14.63	4
14.64	4
14.65	4
14.66	4
14.67	4
14.68	4
14.69	4
14.7	4
14.71	4
14.72	4
14.73	4
14.74	4
14.75	4
14.76	4
14.77	4
14.78	4
14.79	4
14.8	4
14.81	4
14.82	4
14.83	4
14.84	4
14.85	4
14.86	4
14.87	4
14.88	4
14.89	4
14.9	4
14.91	4
14.92	4
14.93	4
14.94	4
14.95	4
14.96	4
14.97	3
14.98	3
14.99	3
15	3
15.01	4
15.02	4
15.03	4
15.04	4
15.05	4
15.06	4
15.07	4
15.08	4
15.09	4
15.1	4
15.11	4
15.12	4
15.13	4
15.14	4
15.15	4
15.16	4
15.17	4
15.18	4
15.19	3
15.2	3
15.21	3
15.22	3
15.23	3
15.24	3
15.25	3
15.26	3
15.27	3
15.28	3
15.29	3
15.3	3
15.31	3
15.32	3
15.33	3
15.34	3
15.35	3
15.36	3
15.37	3
15.38	3
15.39	3
15.4	4
15.41	4
15.42	4
15.43	4
15.44	4
15.45	4
15.46	4
15.47	4
15.48	4
15.49	4
15.5	4
15.51	4
15.52	4
15.53	4
15.54	4
15.55	4
15.56	4
15.57	3
15.58	3
15.59	3
15.6	3
15.61	3
15.62	3
15.63	3
15.64	4
15.65	4
15.66	4
15.67	4
15.68	4
15.69	4
15.7	4
15.71	4
15.72	4
15.73	4
15.74	4
15.75	4
15.76	4
15.77	3
15.78	4
15.79	4
15.8	4
15.81	4
15.82	4
15.83	4
15.84	4
15.85	4
15.86	4
15.87	4
15.88	4
15.89	4
15.9	4
15.91	4
15.92	4
15.93	4
15.94	4
15.95	4
15.96	4
15.97	4
15.98	4
15.99	4
16	4
16.01	4
16.02	4
16.03	4
16.04	4
16.05	4
16.06	4
16.07	3
16.08	3
16.09	3
16.1	3
16.11	3
16.12	3
16.13	3
16.14	3
16.15	3
16.16	3
16.17	3
16.18	3
16.19	3
16.2	3
16.21	4
16.22	4
16.23	4
16.24	4
16.25	4
16.26	4
16.27	4
16.28	4
16.29	4
16.3	4
16.31	4
16.32	4
16.33	4
16.34	4
16.35	4
16.36	4
16.37	4
16.38	4
16.39	4
16.4	4
16.41	3
16.42	3
16.43	3
16.44	3
16.45	3
16.46	3
16.47	3
16.48	3
16.49	3
16.5	3
16.51	3
16.52	3
16.53	3
16.54	4
16.55	4
16.56	4
16.57	4
16.58	4
16.59	4
16.6	4
16.61	4
16.62	4
16.63	4
16.64	4
16.65	3
16.66	4
16.67	4
16.68	4
16.69	4
16.7	4
16.71	4
16.72	4
16.73	4
16.74	4
16.75	4
16.76	4
16.77	4
16.78	4
16.79	4
16.8	4
16.81	4
16.82	4
16.83	4
16.84	4
16.85	4
16.86	4
16.87	4
16.88	4
16.89	4
16.9	4
16.91	4
16.92	4
16.93	4
16.94	4
16.95	4
16.96	4
16.97	4
16.98	4
16.99	4
17	4
17.01	4
17.02	4
17.03	4
17.04	4
17.05	4
17.06	4
17.07	4
17.08	4
17.09	4
17.1	4
17.11	4
17.12	4
17.13	4
17.14	4
17.15	4
17.16	4
17.17	4
17.18	4
17.19	4
17.2	4
17.21	4
17.22	4
17.23	4
17.24	4
17.25	4
17.26	4
17.27	4
17.28	4
17.29	4
17.3	4
17.31	4
17.32	4
17.33	4
17.34	4
17.35	4
17.36	4
17.37	4
17.38	4
17.39	4
17.4	4
17.41	3
17.42	3
17.43	3
17.44	3
17.45	3
17.46	3
17.47	3
17.48	3
17.49	3
17.5	4
17.51	4
17.52	4
17.53	4
17.54	4
17.55	4
17.56	4
17.57	4
17.58	4
17.59	4
17.6	4
17.61	4
17.62	4
17.63	4
17.64	4
17.65	4
17.66	4
17.67	4
17.68	4
17.69	4
17.7	4
17.71	4
17.72	4
17.73	3
17.74	3
17.75	3
17.76	3
17.77	3
17.78	4
17.79	4
17.8	4
17.81	4
17.82	4
17.83	4
17.84	4
17.85	4
17.86	4
17.87	4
17.88	4
17.89	4
17.9	4
17.91	4
17.92	4
17.93	4
17.94	4
17.95	4
17.96	4
17.97	4
17.98	4
17.99	4
18	4
18.01	4
18.02	4
18.03	3
18.04	3
18.05	3
18.06	3
18.07	3
18.08	3
18.09	3
18.1	3
18.11	3
18.12	3
18.13	3
18.14	3
18.15	3
18.16	3
18.17	3
18.18	3
18.19	3
18.2	3
18.21	3
18.22	3
18.23	3
18.24	3
18.25	3
18.26	3
18.27	4
18.28	4
18.29	4
18.3	4
18.31	4
18.32	4
18.33	4
18.34	4
18.35	4
18.36	4
18.37	4
18.38	4
18.39	4
18.4	4
18.41	4
18.42	4
18.43	4
18.44	4
18.45	4
18.46	4
18.47	4
18.48	4
18.49	4
18.5	4
18.51	4
18.52	4
18.53	4
18.54	4
18.55	4
18.56	4
18.57	4
18.58	4
18.59	4
18.6	4
18.61	3
18.62	3
18.63	3
18.64	3
18.65	4
18.66	4
18.67	4
18.68	4
18.69	4
18.7	4
18.71	4
18.72	4
18.73	4
18.74	4
18.75	4
18.76	4
18.77	4
18.78	4
18.79	4
18.8	4
18.81	4
18.82	4
18.83	4
18.84	4
18.85	4
18.86	4
18.87	4
18.88	4
18.89	4
18.9	4
18.91	4
18.92	4
18.93	4
18.94	4
18.95	3
18.96	3
18.97	3
18.98	3
18.99	3
19	3
19.01	3
19.02	3
19.03	4
19.04	4
19.05	4
19.06	4
19.07	4
19.08	4
19.09	4
19.1	4
19.11	4
19.12	4
19.13	4
19.14	4
19.15	4
19.16	4
19.17	4
19.18	4
19.19	4
19.2	4
19.21	4
19.22	4
19.23	4
19.24	4
19.25	4
19.26	4
19.27	4
19.28	4
19.29	4
19.3	3
19.31	3
19.32	3
19.33	3
19.34	3
19.35	3
19.36	3
19.37	3
19.38	3
19.39	4
19.4	4
19.41	4
19.42	4
19.43	4
19.44	4
19.45	4
19.46	4
19.47	4
19.48	4
19.49	4
19.5	4
19.51	4
19.52	4
19.53	4
19.54	4
19.55	4
19.56	4
19.57	4
19.58	4
19.59	4
19.6	4
19.61	4
19.62	4
19.63	4
19.64	4
19.65	4
19.66	4
19.67	4
19.68	4
19.69	4
19.7	4
19.71	4
19.72	4
19.73	4
19.74	4
19.75	4
19.76	4
19.77	4
19.78	4
19.79	4
19.8	4
19.81	4
19.82	4
19.83	4
19.84	4
19.85	4
19.86	4
19.87	4
19.88	4
19.89	4
19.9	4
19.91	3
19.92	3
19.93	3
19.94	4
19.95	4
19.96	4
19.97	4
19.98	4
19.99	3
20	3
20.01	4
20.02	4
20.03	4
20.04	4
20.05	4
20.06	4
20.07	4
20.08	3
20.09	3
20.1	3
20.11	3
20.12	3
20.13	3
20.14	3
20.15	3
20.16	3
20.17	3
20.18	3
20.19	3
20.2	3
20.21	3
20.22	4
20.23	4
20.24	4
20.25	4
20.26	4
20.27	4
20.28	4
20.29	4
20.3	4
20.31	4
20.32	4
20.33	4
20.34	4
20.35	4
20.36	4
20.37	4
20.38	4
20.39	4
20.4	4
20.41	4
20.42	4
20.43	4
20.44	4
20.45	4
20.46	4
20.47	4
20.48	4
20.49	4
20.5	4
20.51	4
20.52	4
20.53	4
20.54	3
20.55	3
20.56	3
20.57	3
20.58	3
20.59	4
20.6	3
20.61	3
20.62	4
20.63	4
20.64	4
20.65	4
20.66	4
20.67	4
20.68	4
20.69	4
20.7	4
20.71	4
20.72	4
20.73	4
20.74	4
20.75	4
20.76	4
20.77	4
20.78	3
20.79	3
20.8	4
20.81	4
20.82	4
20.83	4
20.84	4
20.85	4
20.86	4
20.87	4
20.88	4
20.89	4
20.9	4
20.91	4
20.92	4
20.93	4
20.94	4
20.95	4
20.96	4
20.97	4
20.98	4
20.99	4
21	4
21.01	3
21.02	3
21.03	3
21.04	3
21.05	3
21.06	3
21.07	3
21.08	3
21.09	3
21.1	3
21.11	3
21.12	3
21.13	3
21.14	4
21.15	4
21.16	3
21.17	3
21.18	3
21.19	3
21.2	3
21.21	4
21.22	4
21.23	4
21.24	4
21.25	4
21.26	4
21.27	4
21.28	4
21.29	3
21.3	3
21.31	3
21.32	3
21.33	3
21.34	3
21.35	3
21.36	3
21.37	3
21.38	3
21.39	4
21.4	3
21.41	3
21.42	3
21.43	4
21.44	4
21.45	4
21.46	3
21.47	3
21.48	3
21.49	3
21.5	3
21.51	3
21.52	3
21.53	3
21.54	3
21.55	3
21.56	3
21.57	3
21.58	4
21.59	4
21.6	4
21.61	3
21.62	3
21.63	3
21.64	4
21.65	4
21.66	4
21.67	4
21.68	4
21.69	4
21.7	4
21.71	3
21.72	3
21.73	3
21.74	3
21.75	3
21.76	3
21.77	3
21.78	3
21.79	3
21.8	3
21.81	3
21.82	3
21.83	4
21.84	4
21.85	4
21.86	4
21.87	4
21.88	4
21.89	4
21.9	4
21.91	4
21.92	4
21.93	4
21.94	4
21.95	4
21.96	4
21.97	4
21.98	4
21.99	4
22	4
22.01	4
22.02	3
22.03	4
22.04	4
22.05	4
22.06	4
22.07	4
22.08	4
22.09	4
22.1	4
22.11	4
22.12	4
22.13	4
22.14	4
22.15	4
22.16	4
22.17	4
22.18	4
22.19	4
22.2	4
22.21	4
22.22	4
22.23	4
22.24	4
22.25	4
22.26	4
22.27	4
22.28	4
22.29	4
22.3	4
22.31	4
22.32	4
22.33	4
22.34	4
22.35	4
22.36	3
22.37	3
22.38	3
22.39	3
22.4	3
22.41	3
22.42	3
22.43	3
22.44	3
22.45	3
22.46	3
22.47	3
22.48	4
22.49	4
22.5	4
22.51	4
22.52	4
22.53	4
22.54	4
22.55	4
22.56	4
22.57	4
22.58	4
22.59	4
22.6	4
22.61	4
22.62	3
22.63	3
22.64	3
22.65	3
22.66	3
22.67	3
22.68	3
22.69	4
22.7	4
22.71	4
22.72	4
22.73	4
22.74	4
22.75	4
22.76	4
22.77	4
22.78	4
22.79	4
22.8	4
22.81	4
22.82	4
22.83	4
22.84	4
22.85	4
22.86	4
22.87	4
22.88	4
22.89	4
22.9	4
22.91	4
22.92	4
22.93	4
22.94	4
22.95	4
22.96	4
22.97	4
22.98	4
22.99	4
23	3
23.01	3
23.02	3
23.03	3
23.04	3
23.05	3
23.06	3
23.07	3
23.08	3
23.09	3
23.1	3
23.11	3
23.12	3
23.13	3
23.14	3
23.15	4
23.16	4
23.17	4
23.18	4
23.19	3
23.2	3
23.21	3
23.22	3
23.23	3
23.24	3
23.25	3
23.26	3
23.27	4
23.28	4
23.29	4
23.3	4
23.31	4
23.32	4
23.33	4
23.34	4
23.35	4
23.36	4
23.37	4
23.38	4
23.39	4
23.4	4
23.41	4
23.42	4
23.43	4
23.44	4
23.45	4
23.46	4
23.47	4
23.48	4
23.49	4
23.5	4
23.51	4
23.52	4
23.53	4
23.54	4
23.55	4
23.56	4
23.57	3
23.58	4
23.59	4
23.6	4
23.61	4
23.62	4
23.63	4
23.64	4
23.65	4
23.66	4
23.67	4
23.68	4
23.69	4
23.7	4
23.71	4
23.72	4
23.73	4
23.74	4
23.75	4
23.76	4
23.77	4
23.78	4
23.79	4
23.8	4
23.81	4
23.82	4
23.83	4
23.84	4
23.85	4
23.86	4
23.87	4
23.88	4
23.89	4
23.9	4
23.91	4
23.92	4
23.93	4
23.94	4
23.95	4
23.96	4
23.97	4
23.98	4
23.99	4
24	4
24.01	4
24.02	4
24.03	4
24.04	4
24.05	4
24.06	4
24.07	4
24.08	3
24.09	3
24.1	3
24.11	3
24.12	3
24.13	3
24.14	3
24.15	3
24.16	4
24.17	4
24.18	4
24.19	4
24.2	4
24.21	4
24.22	4
24.23	4
24.24	4
24.25	4
24.26	4
24.27	4
24.28	4
24.29	4
24.3	4
24.31	4
24.32	4
24.33	4
24.34	4
24.35	4
24.36	4
24.37	4
24.38	4
24.39	4
24.4	4
24.41	4
24.42	4
24.43	4
24.44	3
24.45	3
24.46	3
24.47	3
24.48	3
24.49	3
24.5	3
24.51	3
24.52	3
24.53	3
24.54	3
24.55	4
24.56	4
24.57	4
24.58	4
24.59	4
24.6	4
24.61	4
24.62	4
24.63	4
24.64	4
24.65	4
24.66	4
24.67	4
24.68	4
24.69	4
24.7	4
24.71	4
24.72	4
24.73	4
24.74	4
24.75	4
24.76	4
24.77	4
24.78	4
24.79	4
24.8	4
24.81	4
24.82	3
24.83	3
24.84	4
24.85	4
24.86	3
24.87	3
24.88	3
24.89	3
24.9	3
24.91	3
24.92	3
24.93	3
24.94	3
24.95	3
24.96	3
24.97	3
24.98	3
24.99	3
25	3
25.01	4
25.02	4
25.03	4
25.04	4
25.05	4
25.06	4
25.07	4
25.08	4
25.09	4
25.1	4
25.11	4
25.12	4
25.13	4
25.14	4
25.15	4
25.16	4
25.17	4
25.18	4
25.19	4
25.2	4
25.21	4
25.22	4
25.23	4
25.24	4
25.25	4
25.26	4
25.27	3
25.28	4
25.29	4
25.3	4
25.31	4
25.32	4
25.33	4
25.34	4
25.35	4
25.36	4
25.37	4
25.38	4
25.39	4
25.4	4
25.41	4
25.42	4
25.43	3
25.44	3
25.45	3
25.46	3
25.47	3
25.48	3
25.49	3
25.5	4
25.51	4
25.52	4
25.53	4
25.54	4
25.55	3
25.56	3
25.57	3
25.58	3
25.59	4
25.6	4
25.61	4
25.62	4
25.63	4
25.64	4
25.65	4
25.66	4
25.67	4
25.68	4
25.69	4
25.7	4
25.71	4
25.72	4
25.73	3
25.74	3
25.75	3
25.76	3
25.77	3
25.78	4
25.79	4
25.8	4
25.81	4
25.82	4
25.83	4
25.84	4
25.85	4
25.86	4
25.87	4
25.88	4
25.89	4
25.9	4
25.91	4
25.92	4
25.93	4
25.94	4
25.95	4
25.96	4
25.97	4
25.98	4
25.99	4
26	4
26.01	4
26.02	4
26.03	4
26.04	3
26.05	3
26.06	3
26.07	3
26.08	3
26.09	3
26.1	3
26.11	3
26.12	3
26.13	3
26.14	3
26.15	3
26.16	3
26.17	3
26.18	4
26.19	4
26.2	4
26.21	4
26.22	4
26.23	4
26.24	4
26.25	4
26.26	4
26.27	4
26.28	4
26.29	4
26.3	4
26.31	4
26.32	4
26.33	4
26.34	4
26.35	4
26.36	4
26.37	4
26.38	3
26.39	4
26.4	4
26.41	3
26.42	3
26.43	3
26.44	3
26.45	3
26.46	3
26.47	3
26.48	3
26.49	3
26.5	3
26.51	4
26.52	4
26.53	4
26.54	4
26.55	4
26.56	4
26.57	4
26.58	4
26.59	4
26.6	4
26.61	4
26.62	4
26.63	4
26.64	4
26.65	4
26.66	4
26.67	4
26.68	4
26.69	4
26.7	4
26.71	4
26.72	4
26.73	4
26.74	4
26.75	4
26.76	4
26.77	4
26.78	4
26.79	4
26.8	4
26.81	4
26.82	4
26.83	4
26.84	4
26.85	4
26.86	4
26.87	4
26.88	4
26.89	4
26.9	4
26.91	4
26.92	4
26.93	4
26.94	4
26.95	4
26.96	3
26.97	3
26.98	3
26.99	3
27	3
27.01	3
27.02	3
27.03	3
27.04	3
27.05	4
27.06	4
27.07	4
27.08	4
27.09	4
27.1	4
27.11	4
27.12	4
27.13	4
27.14	4
27.15	4
27.16	4
27.17	4
27.18	4
27.19	4
27.2	4
27.21	4
27.22	4
27.23	4
27.24	4
27.25	4
27.26	4
27.27	4
27.28	4
27.29	4
27.3	3
27.31	3
27.32	3
27.33	3
27.34	3
27.35	3
27.36	3
27.37	3
27.38	3
27.39	3
27.4	4
27.41	4
27.42	4
27.43	4
27.44	4
27.45	4
27.46	4
27.47	4
27.48	4
27.49	4
27.5	4
27.51	4
27.52	4
27.53	4
27.54	4
27.55	4
27.56	4
27.57	4
27.58	4
27.59	4
27.6	4
27.61	4
27.62	4
27.63	4
27.64	4
27.65	4
27.66	4
27.67	4
27.68	4
27.69	4
27.7	4
27.71	4
27.72	4
27.73	4
27.74	4
27.75	4
27.76	4
27.77	4
27.78	4
27.79	4
27.8	4
27.81	4
27.82	4
27.83	4
27.84	4
27.85	4
27.86	4
27.87	4
27.88	4
27.89	4
27.9	4
27.91	4
27.92	3
27.93	3
27.94	3
27.95	3
27.96	3
27.97	3
27.98	3
27.99	3
28	3
28.01	3
28.02	4
28.03	4
28.04	4
28.05	4
28.06	4
28.07	4
28.08	4
28.09	3
28.1	3
28.11	3
28.12	3
28.13	3
28.14	3
28.15	3
28.16	4
28.17	4
28.18	4
28.19	4
28.2	4
28.21	4
28.22	4
28.23	4
28.24	4
28.25	4
28.26	4
28.27	4
28.28	4
28.29	4
28.3	4
28.31	4
28.32	4
28.33	4
28.34	4
28.35	4
28.36	4
28.37	4
28.38	4
28.39	4
28.4	4
28.41	4
28.42	4
28.43	4
28.44	4
28.45	4
28.46	4
28.47	4
28.48	4
28.49	4
28.5	4
28.51	4
28.52	4
28.53	4
28.54	3
28.55	3
28.56	3
28.57	3
28.58	3
28.59	3
28.6	3
28.61	3
28.62	3
28.63	4
28.64	4
28.65	4
28.66	4
28.67	4
28.68	4
28.69	4
28.7	4
28.71	4
28.72	4
28.73	4
28.74	4
28.75	4
28.76	4
28.77	3
28.78	3
28.79	3
28.8	3
28.81	3
28.82	3
28.83	3
28.84	3
28.85	3
28.86	4
28.87	4
28.88	4
28.89	4
28.9	4
28.91	4
28.92	4
28.93	4
28.94	4
28.95	4
28.96	4
28.97	4
28.98	4
28.99	4
29	4
29.01	4
29.02	3
29.03	3
29.04	4
29.05	4
29.06	4
29.07	4
29.08	4
29.09	4
29.1	4
29.11	4
29.12	4
29.13	4
29.14	4
29.15	4
29.16	4
29.17	4
29.18	4
29.19	4
29.2	4
29.21	4
29.22	4
29.23	4
29.24	4
29.25	4
29.26	4
29.27	4
29.28	4
29.29	3
29.3	3
29.31	3
29.32	3
29.33	3
29.34	3
29.35	3
29.36	3
29.37	3
29.38	3
29.39	4
29.4	4
29.41	3
29.42	3
29.43	4
29.44	4
29.45	4
29.46	4
29.47	4
29.48	4
29.49	4
29.5	4
29.51	4
29.52	4
29.53	4
29.54	4
29.55	3
29.56	4
29.57	4
29.58	4
29.59	4
29.6	4
29.61	4
29.62	3
29.63	4
29.64	4
29.65	4
29.66	4
29.67	4
29.68	4
29.69	4
29.7	4
29.71	3
29.72	3
29.73	3
29.74	3
29.75	3
29.76	3
29.77	3
29.78	3
29.79	3
29.8	3
29.81	3
29.82	3
29.83	4
29.84	4
29.85	4
29.86	4
29.87	4
29.88	4
29.89	4
29.9	4
29.91	4
29.92	4
29.93	4
29.94	4
29.95	4
29.96	4
29.97	4
29.98	4
29.99	4
30	4
30.01	4
30.02	4
30.03	3
30.04	3
30.05	3
30.06	3
30.07	3
30.08	3
30.09	4
30.1	4
30.11	4
30.12	4
30.13	4
30.14	4
30.15	4
30.16	4
30.17	4
30.18	4
30.19	4
30.2	4
30.21	4
30.22	4
30.23	4
30.24	4
30.25	4
30.26	4
30.27	4
30.28	4
30.29	4
30.3	4
30.31	4
30.32	4
30.33	4
30.34	4
30.35	4
30.36	4
30.37	3
30.38	3
30.39	3
30.4	3
30.41	3
30.42	3
30.43	3
30.44	3
30.45	3
30.46	3
30.47	3
30.48	4
30.49	4
30.5	4
30.51	4
30.52	4
30.53	4
30.54	4
30.55	4
30.56	4
30.57	4
30.58	4
30.59	4
30.6	4
30.61	4
30.62	4
30.63	4
30.64	4
30.65	4
30.66	4
30.67	4
30.68	4
30.69	4
30.7	4
30.71	4
30.72	4
30.73	4
30.74	4
30.75	4
30.76	4
30.77	4
30.78	4
30.79	4
30.8	4
30.81	4
30.82	4
30.83	4
30.84	4
30.85	4
30.86	4
30.87	4
30.88	4
30.89	4
30.9	4
30.91	4
30.92	4
30.93	4
30.94	4
30.95	4
30.96	4
30.97	4
30.98	4
30.99	3
31	3
31.01	3
31.02	3
31.03	4
31.04	4
31.05	4
31.06	4
31.07	4
31.08	4
31.09	4
31.1	4
31.11	4
31.12	4
31.13	4
31.14	4
31.15	4
31.16	4
31.17	4
31.18	4
31.19	4
31.2	4
31.21	4
31.22	4
31.23	4
31.24	4
31.25	4
31.26	4
31.27	4
31.28	4
31.29	4
31.3	4
31.31	4
31.32	4
31.33	4
31.34	4
31.35	4
31.36	4
31.37	4
31.38	4
31.39	4
31.4	4
31.41	4
31.42	4
31.43	4
31.44	4
31.45	4
31.46	4
31.47	4
31.48	4
31.49	4
31.5	4
31.51	4
31.52	4
31.53	4
31.54	4
31.55	4
31.56	4
31.57	4
31.58	4
31.59	4
31.6	4
31.61	4
31.62	4
31.63	4
31.64	4
31.65	4
31.66	4
31.67	4
31.68	4
31.69	4
31.7	4
31.71	4
31.72	4
31.73	4
31.74	4
31.75	4
31.76	4
31.77	4
31.78	4
31.79	4
31.8	4
31.81	4
31.82	4
31.83	4
31.84	4
31.85	4
31.86	4
31.87	4
31.88	4
31.89	4
31.9	4
31.91	4
31.92	4
31.93	4
31.94	4
31.95	4
31.96	4
31.97	4
31.98	4
31.99	4
32	4
32.01	4
32.02	4
32.03	4
32.04	4
32.05	4
32.06	4
32.07	4
32.08	4
32.09	3
32.1	3
32.11	3
32.12	3
32.13	3
32.14	3
32.15	3
32.16	4
32.17	4
32.18	4
32.19	4
32.2	4
32.21	4
32.22	4
32.23	4
32.24	4
32.25	4
32.26	4
32.27	4
32.28	4
32.29	4
32.3	4
32.31	4
32.32	4
32.33	4
32.34	4
32.35	4
32.36	4
32.37	4
32.38	4
32.39	4
32.4	4
32.41	4
32.42	4
32.43	4
32.44	4
32.45	4
32.46	3
32.47	3
32.48	3
32.49	3
32.5	3
32.51	3
32.52	4
32.53	4
32.54	4
32.55	4
32.56	4
32.57	4
32.58	4
32.59	4
32.6	4
32.61	4
32.62	4
32.63	4
32.64	4
32.65	4
32.66	4
32.67	4
32.68	4
32.69	4
32.7	4
32.71	3
32.72	3
32.73	3
32.74	3
32.75	4
32.76	4
32.77	4
32.78	4
32.79	4
32.8	4
32.81	4
32.82	3
32.83	3
32.84	4
32.85	4
32.86	3
32.87	3
32.88	3
32.89	3
32.9	3
32.91	4
32.92	4
32.93	4
32.94	4
32.95	4
32.96	4
32.97	4
32.98	4
32.99	4
33	3
33.01	3
33.02	3
33.03	3
33.04	3
33.05	4
33.06	4
33.07	3
33.08	3
33.09	3
33.1	3
33.11	4
33.12	4
33.13	4
33.14	4
33.15	4
33.16	4
33.17	4
33.18	4
33.19	4
33.2	4
33.21	4
33.22	4
33.23	4
33.24	4
33.25	4
33.26	4
33.27	4
33.28	4
33.29	4
33.3	4
33.31	4
33.32	4
33.33	4
33.34	4
33.35	4
33.36	4
33.37	4
33.38	4
33.39	4
33.4	4
33.41	3
33.42	3
33.43	4
33.44	3
33.45	3
33.46	3
33.47	3
33.48	3
33.49	3
33.5	3
33.51	3
33.52	4
33.53	4
33.54	3
33.55	3
33.56	3
33.57	3
33.58	3
33.59	4
33.6	4
33.61	4
33.62	4
33.63	4
33.64	4
33.65	4
33.66	3
33.67	4
33.68	4
33.69	4
33.7	4
33.71	4
33.72	4
33.73	4
33.74	3
33.75	3
33.76	3
33.77	3
33.78	4
33.79	4
33.8	4
33.81	4
33.82	4
33.83	4
33.84	4
33.85	4
33.86	4
33.87	4
33.88	4
33.89	4
33.9	4
33.91	4
33.92	4
33.93	4
33.94	4
33.95	4
33.96	4
33.97	4
33.98	4
33.99	4
34	4
34.01	4
34.02	4
34.03	4
34.04	4
34.05	3
34.06	3
34.07	3
34.08	3
34.09	3
34.1	3
34.11	3
34.12	3
34.13	3
34.14	3
34.15	3
34.16	3
34.17	3
34.18	3
34.19	3
34.2	3
34.21	3
34.22	4
34.23	4
34.24	4
34.25	4
34.26	4
34.27	4
34.28	4
34.29	4
34.3	4
34.31	4
34.32	4
34.33	4
34.34	4
34.35	4
34.36	4
34.37	4
34.38	4
34.39	4
34.4	4
34.41	4
34.42	4
34.43	4
34.44	4
34.45	4
34.46	4
34.47	4
34.48	4
34.49	4
34.5	4
34.51	4
34.52	4
34.53	4
34.54	4
34.55	4
34.56	4
34.57	4
34.58	4
34.59	4
34.6	4
34.61	4
34.62	4
34.63	4
34.64	3
34.65	4
34.66	4
34.67	4
34.68	4
34.69	4
34.7	4
34.71	4
34.72	4
34.73	4
34.74	4
34.75	4
34.76	4
34.77	4
34.78	4
34.79	4
34.8	4
34.81	4
34.82	4
34.83	4
34.84	4
34.85	4
34.86	4
34.87	4
34.88	4
34.89	4
34.9	4
34.91	4
34.92	4
34.93	4
34.94	4
34.95	4
34.96	4
34.97	3
34.98	3
34.99	3
35	3
35.01	3
35.02	3
35.03	3
35.04	3
35.05	3
35.06	3
35.07	4
35.08	4
35.09	4
35.1	4
35.11	4
35.12	4
35.13	4
35.14	4
35.15	4
35.16	4
35.17	4
35.18	4
35.19	4
35.2	4
35.21	4
35.22	4
35.23	4
35.24	4
35.25	4
35.26	4
35.27	4
35.28	4
35.29	4
35.3	4
35.31	4
35.32	3
35.33	3
35.34	3
35.35	4
35.36	4
35.37	4
35.38	4
35.39	4
35.4	4
35.41	4
35.42	4
35.43	4
35.44	4
35.45	4
35.46	4
35.47	4
35.48	4
35.49	4
35.5	4
35.51	4
35.52	4
35.53	4
35.54	4
35.55	4
35.56	4
35.57	4
35.58	4
35.59	4
35.6	4
35.61	4
35.62	4
35.63	4
35.64	4
35.65	4
35.66	4
35.67	4
35.68	4
35.69	4
35.7	4
35.71	4
35.72	4
35.73	4
35.74	4
35.75	4
35.76	4
35.77	4
35.78	4
35.79	4
35.8	4
35.81	4
35.82	4
35.83	4
35.84	4
35.85	4
35.86	4
35.87	4
35.88	4
35.89	4
35.9	4
35.91	4
35.92	4
35.93	4
35.94	4
35.95	4
35.96	4
35.97	4
35.98	4
35.99	4
36	4
36.01	4
36.02	4
36.03	4
36.04	4
36.05	4
36.06	4
36.07	4
36.08	4
36.09	3
36.1	3
36.11	3
36.12	3
36.13	3
36.14	3
36.15	3
36.16	3
36.17	3
36.18	4
36.19	4
36.2	4
36.21	4
36.22	4
36.23	4
36.24	4
36.25	4
36.26	4
36.27	4
36.28	4
36.29	4
36.3	4
36.31	4
36.32	4
36.33	4
36.34	4
36.35	4
36.36	4
36.37	4
36.38	4
36.39	4
36.4	4
36.41	4
36.42	4
36.43	4
36.44	4
36.45	4
36.46	4
36.47	4
36.48	4
36.49	4
36.5	4
36.51	4
36.52	4
36.53	4
36.54	3
36.55	3
36.56	3
36.57	3
36.58	3
36.59	3
36.6	3
36.61	3
36.62	3
36.63	3
36.64	4
36.65	4
36.66	4
36.67	4
36.68	4
36.69	4
36.7	4
36.71	4
36.72	4
36.73	4
36.74	4
36.75	4
36.76	4
36.77	3
36.78	3
36.79	3
36.8	3
36.81	3
36.82	4
36.83	4
36.84	4
36.85	4
36.86	4
36.87	4
36.88	4
36.89	4
36.9	4
36.91	4
36.92	4
36.93	4
36.94	4
36.95	4
36.96	4
36.97	4
36.98	4
36.99	4
37	4
37.01	4
37.02	4
37.03	3
37.04	3
37.05	4
37.06	4
37.07	4
37.08	4
37.09	4
37.1	4
37.11	4
37.12	4
37.13	4
37.14	4
37.15	4
37.16	3
37.17	4
37.18	4
37.19	4
37.2	4
37.21	4
37.22	4
37.23	4
37.24	4
37.25	4
37.26	4
37.27	4
37.28	3
37.29	3
37.3	3
37.31	3
37.32	3
37.33	3
37.34	3
37.35	3
37.36	3
37.37	3
37.38	3
37.39	3
37.4	4
37.41	4
37.42	4
37.43	4
37.44	4
37.45	4
37.46	4
37.47	4
37.48	4
37.49	4
37.5	3
37.51	3
37.52	3
37.53	3
37.54	3
37.55	4
37.56	4
37.57	4
37.58	4
37.59	4
37.6	4
37.61	3
37.62	3
37.63	3
37.64	3
37.65	4
37.66	4
37.67	4
37.68	4
37.69	4
37.7	4
37.71	4
37.72	3
37.73	3
37.74	3
37.75	3
37.76	3
37.77	3
37.78	3
37.79	3
37.8	3
37.81	3
37.82	3
37.83	4
37.84	4
37.85	4
37.86	4
37.87	4
37.88	4
37.89	4
37.9	4
37.91	4
37.92	4
37.93	4
37.94	4
37.95	4
37.96	4
37.97	4
37.98	4
37.99	4
38	4
38.01	4
38.02	4
38.03	4
38.04	4
38.05	4
38.06	4
38.07	4
38.08	4
38.09	4
38.1	4
38.11	4
38.12	4
38.13	4
38.14	4
38.15	4
38.16	4
38.17	4
38.18	4
38.19	4
38.2	4
38.21	4
38.22	4
38.23	4
38.24	4
38.25	4
38.26	4
38.27	4
38.28	4
38.29	4
38.3	4
38.31	4
38.32	4
38.33	4
38.34	4
38.35	4
38.36	4
38.37	3
38.38	3
38.39	3
38.4	3
38.41	3
38.42	3
38.43	3
38.44	3
38.45	3
38.46	4
38.47	4
38.48	4
38.49	4
38.5	4
38.51	4
38.52	4
38.53	4
38.54	4
38.55	4
38.56	4
38.57	4
38.58	4
38.59	4
38.6	4
38.61	4
38.62	4
38.63	4
38.64	4
38.65	4
38.66	4
38.67	4
38.68	4
38.69	4
38.7	4
38.71	4
38.72	4
38.73	4
38.74	4
38.75	4
38.76	4
38.77	4
38.78	4
38.79	4
38.8	4
38.81	4
38.82	4
38.83	4
38.84	4
38.85	4
38.86	4
38.87	4
38.88	4
38.89	4
38.9	4
38.91	4
38.92	4
38.93	4
38.94	4
38.95	4
38.96	4
38.97	4
38.98	4
38.99	4
39	3
39.01	4
39.02	4
39.03	4
39.04	4
39.05	4
39.06	4
39.07	4
39.08	4
39.09	4
39.1	4
39.11	4
39.12	4
39.13	4
39.14	4
39.15	4
39.16	4
39.17	4
39.18	4
39.19	4
39.2	4
39.21	3
39.22	3
39.23	3
39.24	3
39.25	3
39.26	3
39.27	3
39.28	3
39.29	3
39.3	3
39.31	3
39.32	3
39.33	3
39.34	3
39.35	3
39.36	3
39.37	3
39.38	3
39.39	3
39.4	3
39.41	4
39.42	4
39.43	4
39.44	4
39.45	4
39.46	4
39.47	4
39.48	4
39.49	4
39.5	4
39.51	4
39.52	4
39.53	4
39.54	4
39.55	4
39.56	4
39.57	3
39.58	3
39.59	3
39.6	3
39.61	3
39.62	3
39.63	3
39.64	3
39.65	3
39.66	3
39.67	3
39.68	3
39.69	3
39.7	4
39.71	4
39.72	4
39.73	4
39.74	4
39.75	4
39.76	4
39.77	4
39.78	4
39.79	4
39.8	4
39.81	4
39.82	4
39.83	4
39.84	4
39.85	4
39.86	4
39.87	4
39.88	4
39.89	4
39.9	4
39.91	4
39.92	4
39.93	4
39.94	4
39.95	4
39.96	4
39.97	4
39.98	4
39.99	4
40	4
40.01	4
40.02	4
40.03	4
40.04	4
40.05	4
40.06	4
40.07	4
40.08	3
40.09	3
40.1	3
40.11	3
40.12	3
40.13	3
40.14	3
40.15	4
40.16	4
40.17	4
40.18	4
40.19	4
40.2	4
40.21	4
40.22	4
40.23	4
40.24	4
40.25	4
40.26	4
40.27	4
40.28	4
40.29	4
40.3	4
40.31	4
40.32	4
40.33	4
40.34	4
40.35	4
40.36	4
40.37	4
40.38	4
40.39	4
40.4	4
40.41	4
40.42	4
40.43	4
40.44	4
40.45	4
40.46	4
40.47	4
40.48	4
40.49	4
40.5	4
40.51	4
40.52	4
40.53	4
40.54	4
40.55	4
40.56	4
40.57	4
40.58	4
40.59	4
40.6	4
40.61	4
40.62	4
40.63	4
40.64	4
40.65	4
40.66	4
40.67	4
40.68	4
40.69	4
40.7	4
40.71	4
40.72	4
40.73	4
40.74	4
40.75	4
40.76	4
40.77	4
40.78	4
40.79	4
40.8	4
40.81	4
40.82	4
40.83	4
40.84	4
40.85	4
40.86	4
40.87	4
40.88	4
40.89	4
40.9	3
40.91	3
40.92	3
40.93	3
40.94	3
40.95	3
40.96	4
40.97	4
40.98	4
40.99	4
41	4
41.01	3
41.02	3
41.03	3
41.04	3
41.05	4
41.06	4
41.07	4
41.08	3
41.09	3
41.1	3
41.11	3
41.12	4
41.13	4
41.14	4
41.15	4
41.16	4
41.17	3
41.18	3
41.19	3
41.2	3
41.21	3
41.22	3
41.23	4
41.24	4
41.25	4
41.26	4
41.27	3
41.28	4
41.29	4
41.3	4
41.31	4
41.32	4
41.33	4
41.34	4
41.35	4
41.36	4
41.37	4
41.38	4
41.39	4
41.4	4
41.41	3
41.42	4
41.43	4
41.44	4
41.45	3
41.46	3
41.47	3
41.48	3
41.49	3
41.5	3
41.51	3
41.52	3
41.53	4
41.54	3
41.55	3
41.56	3
41.57	3
41.58	3
41.59	3
41.6	3
41.61	4
41.62	4
41.63	4
41.64	4
41.65	4
41.66	4
41.67	4
41.68	4
41.69	4
41.7	4
41.71	4
41.72	4
41.73	4
41.74	3
41.75	3
41.76	3
41.77	3
41.78	4
41.79	4
41.8	4
41.81	4
41.82	4
41.83	4
41.84	4
41.85	4
41.86	4
41.87	4
41.88	4
41.89	4
41.9	4
41.91	4
41.92	4
41.93	4
41.94	4
41.95	4
41.96	4
41.97	4
41.98	4
41.99	4
42	4
42.01	4
42.02	4
42.03	4
42.04	4
42.05	3
42.06	3
42.07	3
42.08	3
42.09	3
42.1	3
42.11	3
42.12	3
42.13	3
42.14	3
42.15	3
42.16	3
42.17	4
42.18	4
42.19	4
42.2	4
42.21	4
42.22	4
42.23	4
42.24	4
42.25	3
42.26	3
42.27	3
42.28	3
42.29	4
42.3	4
42.31	4
42.32	4
42.33	4
42.34	4
42.35	4
42.36	4
42.37	4
42.38	4
42.39	4
42.4	4
42.41	4
42.42	4
42.43	4
42.44	4
42.45	4
42.46	4
42.47	4
42.48	4
42.49	4
42.5	4
42.51	4
42.52	4
42.53	4
42.54	4
42.55	4
42.56	4
42.57	4
42.58	4
42.59	4
42.6	4
42.61	4
42.62	4
42.63	4
42.64	4
42.65	3
42.66	3
42.67	3
42.68	3
42.69	3
42.7	3
42.71	3
42.72	3
42.73	3
42.74	3
42.75	3
42.76	3
42.77	3
42.78	3
42.79	3
42.8	3
42.81	3
42.82	3
42.83	3
42.84	4
42.85	4
42.86	4
42.87	4
42.88	4
42.89	4
42.9	4
42.91	4
42.92	4
42.93	4
42.94	4
42.95	4
42.96	4
42.97	3
42.98	3
42.99	3
43	3
43.01	3
43.02	3
43.03	3
43.04	3
43.05	3
43.06	4
43.07	4
43.08	4
43.09	4
43.1	4
43.11	4
43.12	4
43.13	4
43.14	4
43.15	4
43.16	4
43.17	4
43.18	4
43.19	4
43.2	4
43.21	4
43.22	4
43.23	4
43.24	4
43.25	4
43.26	4
43.27	4
43.28	4
43.29	4
43.3	4
43.31	4
43.32	3
43.33	3
43.34	3
43.35	4
43.36	4
43.37	4
43.38	4
43.39	4
43.4	4
43.41	4
43.42	4
43.43	4
43.44	4
43.45	4
43.46	4
43.47	4
43.48	4
43.49	4
43.5	4
43.51	4
43.52	3
43.53	4
43.54	4
43.55	4
43.56	4
43.57	4
43.58	4
43.59	4
43.6	4
43.61	4
43.62	4
43.63	4
43.64	4
43.65	4
43.66	4
43.67	4
43.68	4
43.69	4
43.7	4
43.71	4
43.72	4
43.73	4
43.74	4
43.75	4
43.76	4
43.77	4
43.78	4
43.79	4
43.8	4
43.81	4
43.82	4
43.83	4
43.84	4
43.85	4
43.86	4
43.87	4
43.88	4
43.89	4
43.9	4
43.91	4
43.92	4
43.93	4
43.94	4
43.95	4
43.96	4
43.97	4
43.98	4
43.99	4
44	4
44.01	4
44.02	4
44.03	4
44.04	4
44.05	4
44.06	4
44.07	4
44.08	4
44.09	4
44.1	4
44.11	4
44.12	3
44.13	3
44.14	3
44.15	3
44.16	3
44.17	3
44.18	4
44.19	4
44.2	4
44.21	4
44.22	4
44.23	4
44.24	4
44.25	4
44.26	4
44.27	4
44.28	4
44.29	4
44.3	4
44.31	4
44.32	4
44.33	4
44.34	4
44.35	4
44.36	4
44.37	4
44.38	4
44.39	4
44.4	4
44.41	4
44.42	4
44.43	4
44.44	4
44.45	4
44.46	4
44.47	4
44.48	4
44.49	4
44.5	4
44.51	4
44.52	4
44.53	4
44.54	3
44.55	3
44.56	3
44.57	3
44.58	3
44.59	3
44.6	3
44.61	3
44.62	3
44.63	3
44.64	4
44.65	4
44.66	4
44.67	4
44.68	4
44.69	4
44.7	4
44.71	4
44.72	4
44.73	4
44.74	4
44.75	4
44.76	4
44.77	4
44.78	4
44.79	4
44.8	3
44.81	3
44.82	4
44.83	4
44.84	4
44.85	4
44.86	4
44.87	4
44.88	4
44.89	4
44.9	4
44.91	4
44.92	4
44.93	4
44.94	4
44.95	4
44.96	4
44.97	4
44.98	4
44.99	4
45	4
45.01	4
45.02	4
45.03	3
45.04	3
45.05	3
45.06	3
45.07	3
45.08	3
45.09	3
45.1	3
45.11	3
45.12	4
45.13	4
45.14	4
45.15	4
45.16	4
45.17	4
45.18	4
45.19	4
45.2	4
45.21	4
45.22	4
45.23	4
45.24	4
45.25	4
45.26	4
45.27	4
45.28	4
45.29	4
45.3	4
45.31	4
45.32	3
45.33	3
45.34	3
45.35	3
45.36	3
45.37	3
45.38	3
45.39	3
45.4	4
45.41	4
45.42	4
45.43	4
45.44	4
45.45	4
45.46	4
45.47	4
45.48	4
45.49	4
45.5	4
45.51	4
45.52	4
45.53	4
45.54	4
45.55	4
45.56	4
45.57	4
45.58	4
45.59	4
45.6	4
45.61	4
45.62	4
45.63	4
45.64	4
45.65	4
45.66	4
45.67	4
45.68	4
45.69	4
45.7	4
45.71	4
45.72	4
45.73	4
45.74	3
45.75	3
45.76	3
45.77	3
45.78	3
45.79	3
45.8	3
45.81	3
45.82	3
45.83	3
45.84	4
45.85	4
45.86	4
45.87	4
45.88	4
45.89	4
45.9	4
45.91	4
45.92	4
45.93	4
45.94	4
45.95	4
45.96	4
45.97	4
45.98	4
45.99	4
46	4
46.01	4
46.02	4
46.03	4
46.04	4
46.05	4
46.06	4
46.07	4
46.08	4
46.09	4
46.1	4
46.11	4
46.12	4
46.13	4
46.14	4
46.15	4
46.16	4
46.17	4
46.18	4
46.19	4
46.2	4
46.21	4
46.22	4
46.23	4
46.24	4
46.25	4
46.26	4
46.27	4
46.28	4
46.29	4
46.3	4
46.31	4
46.32	4
46.33	4
46.34	4
46.35	4
46.36	3
46.37	3
46.38	4
46.39	3
46.4	3
46.41	3
46.42	3
46.43	3
46.44	3
46.45	3
46.46	3
46.47	3
46.48	3
46.49	3
46.5	3
46.51	4
46.52	4
46.53	4
46.54	4
46.55	4
46.56	4
46.57	4
46.58	4
46.59	4
46.6	4
46.61	4
46.62	4
46.63	4
46.64	4
46.65	4
46.66	4
46.67	4
46.68	4
46.69	4
46.7	4
46.71	4
46.72	4
46.73	4
46.74	4
46.75	4
46.76	4
46.77	4
46.78	4
46.79	4
46.8	4
46.81	4
46.82	4
46.83	4
46.84	4
46.85	4
46.86	4
46.87	4
46.88	4
46.89	4
46.9	4
46.91	4
46.92	4
46.93	4
46.94	4
46.95	4
46.96	4
46.97	4
46.98	4
46.99	4
47	3
47.01	3
47.02	3
47.03	3
47.04	3
47.05	3
47.06	3
47.07	3
47.08	3
47.09	3
47.1	3
47.11	4
47.12	4
47.13	4
47.14	4
47.15	4
47.16	4
47.17	4
47.18	4
47.19	4
47.2	4
47.21	4
47.22	4
47.23	4
47.24	4
47.25	4
47.26	4
47.27	4
47.28	4
47.29	4
47.3	4
47.31	4
47.32	4
47.33	4
47.34	4
47.35	4
47.36	4
47.37	4
47.38	4
47.39	4
47.4	4
47.41	4
47.42	4
47.43	4
47.44	4
47.45	4
47.46	4
47.47	4
47.48	4
47.49	4
47.5	4
47.51	4
47.52	4
47.53	4
47.54	4
47.55	4
47.56	4
47.57	4
47.58	3
47.59	3
47.6	3
47.61	3
47.62	3
47.63	3
47.64	3
47.65	4
47.66	3
47.67	4
47.68	4
47.69	4
47.7	4
47.71	4
47.72	4
47.73	4
47.74	4
47.75	4
47.76	4
47.77	4
47.78	4
47.79	4
47.8	3
47.81	3
47.82	4
47.83	4
47.84	4
47.85	4
47.86	4
47.87	4
47.88	4
47.89	4
47.9	4
47.91	4
47.92	4
47.93	4
47.94	4
47.95	4
47.96	4
47.97	4
47.98	4
47.99	4
48	4
48.01	4
48.02	4
48.03	4
48.04	4
48.05	4
48.06	4
48.07	4
48.08	3
48.09	3
48.1	3
48.11	3
48.12	3
48.13	3
48.14	3
48.15	3
48.16	3
48.17	3
48.18	3
48.19	3
48.2	3
48.21	3
48.22	3
48.23	3
48.24	4
48.25	4
48.26	4
48.27	4
48.28	4
48.29	4
48.3	4
48.31	4
48.32	4
48.33	4
48.34	4
48.35	4
48.36	3
48.37	4
48.38	4
48.39	4
48.4	4
48.41	4
48.42	4
48.43	4
48.44	4
48.45	4
48.46	4
48.47	4
48.48	4
48.49	4
48.5	4
48.51	4
48.52	4
48.53	4
48.54	4
48.55	4
48.56	4
48.57	4
48.58	4
48.59	4
48.6	4
48.61	4
48.62	4
48.63	4
48.64	4
48.65	4
48.66	4
48.67	4
48.68	4
48.69	4
48.7	4
48.71	4
48.72	4
48.73	4
48.74	3
48.75	3
48.76	3
48.77	4
48.78	4
48.79	4
48.8	4
48.81	4
48.82	4
48.83	4
48.84	4
48.85	4
48.86	4
48.87	4
48.88	4
48.89	4
48.9	4
48.91	4
48.92	4
48.93	4
48.94	4
48.95	4
48.96	4
48.97	4
48.98	4
48.99	4
49	4
49.01	4
49.02	4
49.03	4
49.04	4
49.05	4
49.06	4
49.07	4
49.08	4
49.09	3
49.1	3
49.11	3
49.12	3
49.13	4
49.14	4
49.15	4
49.16	3
49.17	3
49.18	3
49.19	4
49.2	4
49.21	4
49.22	3
49.23	3
49.24	4
49.25	4
49.26	3
49.27	4
49.28	4
49.29	4
49.3	4
49.31	4
49.32	4
49.33	4
49.34	4
49.35	4
49.36	4
49.37	4
49.38	4
49.39	4
49.4	4
49.41	3
49.42	3
49.43	4
49.44	4
49.45	3
49.46	3
49.47	3
49.48	3
49.49	3
49.5	3
49.51	3
49.52	3
49.53	3
49.54	3
49.55	3
49.56	3
49.57	3
49.58	3
49.59	4
49.6	4
49.61	4
49.62	4
49.63	4
49.64	4
49.65	4
49.66	4
49.67	4
49.68	4
49.69	4
49.7	4
49.71	4
49.72	4
49.73	4
49.74	4
49.75	4
49.76	4
49.77	4
49.78	4
49.79	4
49.8	4
49.81	3
49.82	3
49.83	3
49.84	3
49.85	4
49.86	4
49.87	4
49.88	4
49.89	4
49.9	4
49.91	4
49.92	4
49.93	4
49.94	4
49.95	4
49.96	4
49.97	4
49.98	4
49.99	4
50	4
50.01	4
50.02	4
50.03	4
50.04	4
50.05	4
50.06	3
50.07	3
50.08	3
50.09	3
50.1	3
50.11	3
50.12	3
50.13	3
50.14	3
50.15	3
50.16	3
50.17	3
50.18	3
50.19	3
50.2	3
50.21	3
50.22	4
50.23	4
50.24	4
50.25	4
50.26	4
50.27	4
50.28	4
50.29	4
50.3	4
50.31	4
50.32	4
50.33	4
50.34	4
50.35	4
50.36	4
50.37	4
50.38	4
50.39	4
50.4	3
50.41	3
50.42	3
50.43	3
50.44	3
50.45	3
50.46	3
50.47	3
50.48	3
50.49	3
50.5	3
50.51	3
50.52	3
50.53	3
50.54	3
50.55	4
50.56	4
50.57	4
50.58	4
50.59	4
50.6	4
50.61	4
50.62	4
50.63	4
50.64	4
50.65	3
50.66	3
50.67	3
50.68	3
50.69	3
50.7	3
50.71	3
50.72	3
50.73	3
50.74	3
50.75	3
50.76	4
50.77	4
50.78	4
50.79	4
50.8	4
50.81	4
50.82	4
50.83	4
50.84	4
50.85	4
50.86	4
50.87	4
50.88	4
50.89	4
50.9	4
50.91	4
50.92	4
50.93	4
50.94	4
50.95	4
50.96	4
50.97	4
50.98	4
50.99	3
51	3
51.01	3
51.02	3
51.03	3
51.04	3
51.05	3
51.06	4
51.07	4
51.08	4
51.09	4
51.1	4
51.11	4
51.12	4
51.13	4
51.14	4
51.15	4
51.16	4
51.17	4
51.18	4
51.19	4
51.2	4
51.21	4
51.22	4
51.23	4
51.24	4
51.25	4
51.26	4
51.27	4
51.28	4
51.29	4
51.3	4
51.31	4
51.32	3
51.33	3
51.34	3
51.35	3
51.36	3
51.37	3
51.38	3
51.39	3
51.4	4
51.41	4
51.42	4
51.43	4
51.44	4
51.45	4
51.46	4
51.47	4
51.48	4
51.49	4
51.5	4
51.51	4
51.52	4
51.53	4
51.54	4
51.55	4
51.56	4
51.57	4
51.58	4
51.59	4
51.6	4
51.61	4
51.62	4
51.63	4
51.64	4
51.65	4
51.66	4
51.67	4
51.68	4
51.69	4
51.7	4
51.71	4
51.72	4
51.73	4
51.74	4
51.75	4
51.76	4
51.77	4
51.78	4
51.79	4
51.8	4
51.81	4
51.82	4
51.83	4
51.84	4
51.85	4
51.86	4
51.87	4
51.88	4
51.89	4
51.9	4
51.91	4
51.92	3
51.93	3
51.94	3
51.95	3
51.96	3
51.97	3
51.98	3
51.99	4
52	4
52.01	4
52.02	4
52.03	4
52.04	4
52.05	4
52.06	4
52.07	4
52.08	4
52.09	3
52.1	3
52.11	3
52.12	3
52.13	3
52.14	3
52.15	4
52.16	4
52.17	4
52.18	4
52.19	4
52.2	4
52.21	4
52.22	4
52.23	4
52.24	4
52.25	4
52.26	4
52.27	4
52.28	4
52.29	4
52.3	4
52.31	4
52.32	4
52.33	4
52.34	4
52.35	4
52.36	4
52.37	4
52.38	4
52.39	4
52.4	4
52.41	4
52.42	4
52.43	4
52.44	4
52.45	4
52.46	4
52.47	4
52.48	4
52.49	4
52.5	4
52.51	4
52.52	4
52.53	4
52.54	3
52.55	3
52.56	3
52.57	3
52.58	3
52.59	3
52.6	3
52.61	3
52.62	3
52.63	3
52.64	4
52.65	4
52.66	4
52.67	4
52.68	4
52.69	4
52.7	4
52.71	4
52.72	4
52.73	4
52.74	4
52.75	4
52.76	4
52.77	3
52.78	3
52.79	3
52.8	3
52.81	3
52.82	3
52.83	4
52.84	4
52.85	4
52.86	4
52.87	4
52.88	4
52.89	4
52.9	4
52.91	4
52.92	4
52.93	4
52.94	4
52.95	4
52.96	4
52.97	4
52.98	4
52.99	4
53	4
53.01	4
53.02	4
53.03	4
53.04	3
53.05	3
53.06	3
53.07	3
53.08	3
53.09	3
53.1	3
53.11	3
53.12	3
53.13	4
53.14	4
53.15	4
53.16	4
53.17	4
53.18	4
53.19	4
53.2	4
53.21	4
53.22	4
53.23	4
53.24	4
53.25	4
53.26	4
53.27	4
53.28	4
53.29	4
53.3	4
53.31	4
53.32	3
53.33	3
53.34	3
53.35	3
53.36	3
53.37	3
53.38	3
53.39	3
53.4	3
53.41	4
53.42	4
53.43	4
53.44	4
53.45	4
53.46	4
53.47	4
53.48	4
53.49	4
53.5	4
53.51	4
53.52	4
53.53	4
53.54	4
53.55	4
53.56	4
53.57	4
53.58	4
53.59	4
53.6	4
53.61	4
53.62	4
53.63	4
53.64	4
53.65	4
53.66	4
53.67	4
53.68	4
53.69	4
53.7	4
53.71	4
53.72	4
53.73	3
53.74	3
53.75	3
53.76	3
53.77	3
53.78	3
53.79	3
53.8	3
53.81	3
53.82	3
53.83	4
53.84	4
53.85	4
53.86	4
53.87	4
53.88	4
53.89	4
53.9	4
53.91	4
53.92	4
53.93	4
53.94	4
53.95	4
53.96	4
53.97	4
53.98	4
53.99	4
54	4
54.01	4
54.02	4
54.03	4
54.04	4
54.05	4
54.06	4
54.07	3
54.08	3
54.09	3
54.1	3
54.11	3
54.12	4
54.13	4
54.14	4
54.15	4
54.16	4
54.17	4
54.18	4
54.19	4
54.2	4
54.21	4
54.22	4
54.23	4
54.24	4
54.25	4
54.26	4
54.27	4
54.28	4
54.29	4
54.3	4
54.31	4
54.32	4
54.33	4
54.34	4
54.35	4
54.36	4
54.37	3
54.38	3
54.39	3
54.4	3
54.41	3
54.42	3
54.43	3
54.44	3
54.45	3
54.46	3
54.47	4
54.48	4
54.49	4
54.5	4
54.51	4
54.52	4
54.53	4
54.54	4
54.55	4
54.56	4
54.57	4
54.58	4
54.59	4
54.6	4
54.61	4
54.62	4
54.63	4
54.64	3
54.65	3
54.66	3
54.67	3
54.68	3
54.69	3
54.7	3
54.71	3
54.72	3
54.73	3
54.74	3
54.75	4
54.76	4
54.77	4
54.78	4
54.79	4
54.8	4
54.81	4
54.82	4
54.83	4
54.84	4
54.85	4
54.86	4
54.87	4
54.88	4
54.89	4
54.9	4
54.91	4
54.92	4
54.93	4
54.94	4
54.95	4
54.96	4
54.97	4
54.98	4
54.99	3
55	4
55.01	4
55.02	4
55.03	4
55.04	4
55.05	4
55.06	4
55.07	4
55.08	4
55.09	4
55.1	4
55.11	4
55.12	4
55.13	4
55.14	4
55.15	4
55.16	4
55.17	4
55.18	4
55.19	4
55.2	4
55.21	4
55.22	4
55.23	4
55.24	4
55.25	4
55.26	4
55.27	4
55.28	4
55.29	4
55.3	4
55.31	4
55.32	4
55.33	4
55.34	4
55.35	4
55.36	4
55.37	4
55.38	4
55.39	4
55.4	3
55.41	3
55.42	3
55.43	4
55.44	4
55.45	4
55.46	4
55.47	4
55.48	4
55.49	4
55.5	4
55.51	4
55.52	4
55.53	4
55.54	4
55.55	4
55.56	4
55.57	4
55.58	4
55.59	4
55.6	4
55.61	4
55.62	4
55.63	4
55.64	4
55.65	4
55.66	4
55.67	4
55.68	4
55.69	3
55.7	4
55.71	4
55.72	4
55.73	4
55.74	4
55.75	4
55.76	4
55.77	4
55.78	4
55.79	4
55.8	4
55.81	4
55.82	3
55.83	4
55.84	4
55.85	4
55.86	4
55.87	4
55.88	4
55.89	4
55.9	4
55.91	4
55.92	4
55.93	4
55.94	4
55.95	4
55.96	4
55.97	4
55.98	4
55.99	4
56	4
56.01	4
56.02	4
56.03	4
56.04	4
56.05	4
56.06	4
56.07	4
56.08	3
56.09	3
56.1	3
56.11	3
56.12	3
56.13	3
56.14	3
56.15	3
56.16	3
56.17	3
56.18	3
56.19	3
56.2	3
56.21	3
56.22	3
56.23	3
56.24	3
56.25	4
56.26	4
56.27	4
56.28	4
56.29	4
56.3	4
56.31	4
56.32	4
56.33	4
56.34	4
56.35	4
56.36	4
56.37	4
56.38	4
56.39	4
56.4	4
56.41	4
56.42	4
56.43	4
56.44	4
56.45	4
56.46	4
56.47	4
56.48	4
56.49	4
56.5	4
56.51	4
56.52	3
56.53	4
56.54	4
56.55	4
56.56	4
56.57	4
56.58	4
56.59	4
56.6	4
56.61	4
56.62	4
56.63	4
56.64	4
56.65	4
56.66	4
56.67	4
56.68	4
56.69	4
56.7	4
56.71	4
56.72	4
56.73	4
56.74	4
56.75	4
56.76	4
56.77	4
56.78	4
56.79	4
56.8	4
56.81	4
56.82	4
56.83	4
56.84	4
56.85	4
56.86	4
56.87	4
56.88	4
56.89	4
56.9	4
56.91	4
56.92	4
56.93	4
56.94	4
56.95	4
56.96	4
56.97	4
56.98	4
56.99	4
57	4
57.01	4
57.02	4
57.03	4
57.04	4
57.05	4
57.06	4
57.07	4
57.08	4
57.09	4
57.1	4
57.11	4
57.12	4
57.13	4
57.14	4
57.15	4
57.16	4
57.17	3
57.18	3
57.19	3
57.2	3
57.21	3
57.22	3
57.23	3
57.24	4
57.25	4
57.26	3
57.27	3
57.28	4
57.29	4
57.3	4
57.31	4
57.32	4
57.33	4
57.34	4
57.35	4
57.36	4
57.37	4
57.38	4
57.39	4
57.4	4
57.41	3
57.42	3
57.43	3
57.44	4
57.45	4
57.46	3
57.47	3
57.48	3
57.49	3
57.5	4
57.51	4
57.52	4
57.53	4
57.54	4
57.55	4
57.56	4
57.57	4
57.58	4
57.59	4
57.6	4
57.61	4
57.62	4
57.63	4
57.64	4
57.65	4
57.66	4
57.67	4
57.68	4
57.69	4
57.7	4
57.71	4
57.72	4
57.73	4
57.74	4
57.75	4
57.76	4
57.77	4
57.78	4
57.79	4
57.8	4
57.81	3
57.82	3
57.83	3
57.84	3
57.85	3
57.86	4
57.87	4
57.88	4
57.89	4
57.9	4
57.91	4
57.92	4
57.93	4
57.94	4
57.95	4
57.96	4
57.97	4
57.98	4
57.99	4
58	4
58.01	4
58.02	4
58.03	4
58.04	4
58.05	4
58.06	4
58.07	3
58.08	3
58.09	3
58.1	3
58.11	3
58.12	3
58.13	3
58.14	3
58.15	3
58.16	3
58.17	3
58.18	4
58.19	4
58.2	4
58.21	4
58.22	4
58.23	4
58.24	4
58.25	4
58.26	4
58.27	4
58.28	4
58.29	4
58.3	4
58.31	4
58.32	4
58.33	4
58.34	4
58.35	4
58.36	4
58.37	4
58.38	4
58.39	3
58.4	4
58.41	4
58.42	4
58.43	4
58.44	4
58.45	4
58.46	4
58.47	4
58.48	4
58.49	4
58.5	4
58.51	4
58.52	4
58.53	4
58.54	4
58.55	4
58.56	4
58.57	4
58.58	4
58.59	4
58.6	4
58.61	4
58.62	4
58.63	4
58.64	4
58.65	4
58.66	4
58.67	4
58.68	4
58.69	4
58.7	4
58.71	4
58.72	4
58.73	4
58.74	4
58.75	4
58.76	4
58.77	4
58.78	4
58.79	4
58.8	4
58.81	4
58.82	4
58.83	4
58.84	4
58.85	4
58.86	4
58.87	4
58.88	4
58.89	4
58.9	4
58.91	4
58.92	4
58.93	4
58.94	4
58.95	4
58.96	4
58.97	3
58.98	3
58.99	3
59	3
59.01	3
59.02	3
59.03	3
59.04	3
59.05	3
59.06	4
59.07	3
59.08	4
59.09	4
59.1	4
59.11	4
59.12	4
59.13	4
59.14	4
59.15	4
59.16	4
59.17	4
59.18	4
59.19	4
59.2	4
59.21	4
59.22	4
59.23	4
59.24	4
59.25	4
59.26	4
59.27	4
59.28	4
59.29	3
59.3	3
59.31	3
59.32	3
59.33	3
59.34	3
59.35	4
59.36	4
59.37	4
59.38	4
59.39	4
59.4	4
59.41	4
59.42	4
59.43	4
59.44	4
59.45	4
59.46	4
59.47	4
59.48	4
59.49	4
59.5	4
59.51	4
59.52	4
59.53	4
59.54	4
59.55	4
59.56	4
59.57	4
59.58	3
59.59	3
59.6	3
59.61	3
59.62	3
59.63	3
59.64	4
59.65	4
59.66	4
59.67	4
59.68	4
59.69	4
59.7	4
59.71	4
59.72	4
59.73	4
59.74	4
59.75	4
59.76	4
59.77	4
59.78	4
59.79	4
59.8	4
59.81	4
59.82	4
59.83	4
59.84	4
59.85	4
59.86	4
59.87	4
59.88	4
59.89	4
59.9	4
59.91	3
59.92	3
59.93	3
59.94	3
59.95	3
59.96	3
59.97	3
59.98	3
59.99	3
60	3
60.01	4
60.02	3
60.03	4
60.04	4
60.05	4
60.06	4
60.07	4
60.08	4
60.09	4
60.1	4
60.11	4
60.12	4
60.13	3
60.14	3
60.15	3
60.16	3
60.17	3
60.18	3
60.19	4
60.2	4
60.21	4
60.22	4
60.23	4
60.24	4
60.25	4
60.26	4
60.27	4
60.28	4
60.29	4
60.3	4
60.31	4
60.32	4
60.33	4
60.34	4
60.35	4
60.36	4
60.37	4
60.38	4
60.39	4
60.4	4
60.41	4
60.42	4
60.43	4
60.44	4
60.45	4
60.46	4
60.47	4
60.48	4
60.49	4
60.5	4
60.51	4
60.52	4
60.53	4
60.54	4
60.55	3
60.56	3
60.57	3
60.58	3
60.59	3
60.6	3
60.61	3
60.62	3
60.63	3
60.64	4
60.65	4
60.66	4
60.67	4
60.68	4
60.69	4
60.7	4
60.71	4
60.72	4
60.73	4
60.74	4
60.75	4
60.76	4
60.77	4
60.78	4
60.79	4
60.8	4
60.81	4
60.82	4
60.83	4
60.84	4
60.85	4
60.86	4
60.87	4
60.88	4
60.89	4
60.9	4
60.91	4
60.92	4
60.93	4
60.94	4
60.95	4
60.96	4
60.97	4
60.98	4
60.99	4
61	4
61.01	4
61.02	4
61.03	4
61.04	4
61.05	3
61.06	3
61.07	3
61.08	4
61.09	4
61.1	4
61.11	4
61.12	4
61.13	4
61.14	4
61.15	4
61.16	4
61.17	4
61.18	4
61.19	4
61.2	4
61.21	4
61.22	4
61.23	4
61.24	4
61.25	4
61.26	4
61.27	4
61.28	4
61.29	3
61.3	3
61.31	3
61.32	3
61.33	3
61.34	3
61.35	3
61.36	3
61.37	3
61.38	3
61.39	3
61.4	3
61.41	4
61.42	4
61.43	4
61.44	4
61.45	4
61.46	4
61.47	4
61.48	4
61.49	4
61.5	4
61.51	4
61.52	3
61.53	3
61.54	3
61.55	4
61.56	4
61.57	4
61.58	4
61.59	4
61.6	4
61.61	4
61.62	4
61.63	4
61.64	4
61.65	4
61.66	4
61.67	4
61.68	4
61.69	4
61.7	4
61.71	4
61.72	4
61.73	4
61.74	3
61.75	3
61.76	3
61.77	3
61.78	3
61.79	3
61.8	3
61.81	3
61.82	3
61.83	3
61.84	4
61.85	4
61.86	4
61.87	4
61.88	4
61.89	4
61.9	4
61.91	4
61.92	4
61.93	4
61.94	4
61.95	4
61.96	4
61.97	4
61.98	4
61.99	4
62	4
62.01	4
62.02	4
62.03	4
62.04	4
62.05	4
62.06	4
62.07	3
62.08	3
62.09	3
62.1	3
62.11	4
62.12	4
62.13	4
62.14	4
62.15	4
62.16	4
62.17	4
62.18	4
62.19	4
62.2	4
62.21	4
62.22	4
62.23	4
62.24	4
62.25	4
62.26	4
62.27	4
62.28	4
62.29	4
62.3	4
62.31	4
62.32	4
62.33	4
62.34	4
62.35	4
62.36	4
62.37	3
62.38	3
62.39	3
62.4	3
62.41	3
62.42	3
62.43	3
62.44	3
62.45	3
62.46	4
62.47	4
62.48	4
62.49	4
62.5	4
62.51	4
62.52	4
62.53	4
62.54	4
62.55	4
62.56	4
62.57	4
62.58	4
62.59	4
62.6	4
62.61	4
62.62	4
62.63	4
62.64	4
62.65	4
62.66	4
62.67	4
62.68	3
62.69	3
62.7	3
62.71	3
62.72	4
62.73	3
62.74	3
62.75	3
62.76	3
62.77	3
62.78	3
62.79	4
62.8	4
62.81	4
62.82	4
62.83	4
62.84	4
62.85	4
62.86	4
62.87	4
62.88	4
62.89	4
62.9	4
62.91	3
62.92	4
62.93	4
62.94	4
62.95	4
62.96	4
62.97	4
62.98	4
62.99	4
63	4
63.01	4
63.02	4
63.03	4
63.04	4
63.05	3
63.06	3
63.07	4
63.08	4
63.09	4
63.1	4
63.11	4
63.12	4
63.13	4
63.14	4
63.15	4
63.16	4
63.17	4
63.18	4
63.19	4
63.2	4
63.21	4
63.22	4
63.23	4
63.24	4
63.25	4
63.26	3
63.27	4
63.28	4
63.29	4
63.3	4
63.31	4
63.32	4
63.33	4
63.34	4
63.35	4
63.36	4
63.37	4
63.38	4
63.39	4
63.4	4
63.41	4
63.42	4
63.43	4
63.44	4
63.45	4
63.46	4
63.47	4
63.48	4
63.49	4
63.5	4
63.51	4
63.52	4
63.53	4
63.54	4
63.55	4
63.56	4
63.57	4
63.58	4
63.59	3
63.6	3
63.61	3
63.62	3
63.63	3
63.64	3
63.65	3
63.66	3
63.67	3
63.68	4
63.69	4
63.7	4
63.71	4
63.72	4
63.73	4
63.74	4
63.75	4
63.76	4
63.77	4
63.78	4
63.79	4
63.8	3
63.81	3
63.82	3
63.83	4
63.84	4
63.85	4
63.86	4
63.87	4
63.88	4
63.89	4
63.9	4
63.91	4
63.92	4
63.93	4
63.94	4
63.95	4
63.96	4
63.97	4
63.98	4
63.99	4
64	4
